% Moku:Go Data Logger
% Input 1, DC coupling, 10 Vpp range
% Input 2, DC coupling, 10 Vpp range
% Acquisition rate: 1.0000000000e+03 Hz, Precision mode
% Output 1 - Sine, 10.000 000 000 000 MHz, 1.000 0 Vpp, offset 0.000 0 V, phase 0.000 000 deg
% Output 2 - Ramp, 50.000 000 000 kHz, 500.0 mVpp, offset 0.000 0 V, phase 0.000 000 deg, symmetry 90.00 %
% Acquired 1970-01-28 T 06:26:52 +1000
% Time (s), Input 1 (V), Input 2 (V)
0.0000000000e+00, -2.1010259661e-02, 4.9999965819e+00
1.0000000000e-03, -3.2135692396e-02, 4.9999965819e+00
2.0000000000e-03, -4.4891921476e-02, 4.9999965819e+00
3.0000000000e-03, -3.2155702167e-02, 4.9999965819e+00
4.0000000000e-03, -2.4446937849e-02, 4.9999965819e+00
5.0000000000e-03, -1.3191441602e-02, 4.9999965819e+00
6.0000000000e-03, -2.4426928077e-02, 4.9999965819e+00
7.0000000000e-03, -3.7928521131e-02, 4.9999965819e+00
8.0000000000e-03, -4.9674256770e-02, 4.9999965819e+00
9.0000000000e-03, -4.0849947713e-02, 4.9999965819e+00
1.0000000000e-02, -2.5732565642e-02, 4.9999965819e+00
1.1000000000e-02, -3.1450357736e-02, 4.9999965819e+00
1.2000000000e-02, -3.8608853349e-02, 4.9999965819e+00
1.3000000000e-02, -5.0829821052e-02, 4.9999965819e+00
1.4000000000e-02, -4.7913396913e-02, 4.9999965819e+00
1.5000000000e-02, -3.6792966621e-02, 4.9999965819e+00
1.6000000000e-02, -2.0134832175e-02, 4.9999965819e+00
1.7000000000e-02, -2.2906185473e-02, 4.9999965819e+00
1.8000000000e-02, -3.9279180681e-02, 4.9999965819e+00
1.9000000000e-02, -4.2810905281e-02, 4.9999965819e+00
2.0000000000e-02, -3.2455848734e-02, 4.9999965819e+00
2.1000000000e-02, -2.1725608978e-02, 4.9999965819e+00
2.2000000000e-02, -1.7448520404e-02, 4.9999965819e+00
2.3000000000e-02, -3.0074685972e-02, 4.9999965819e+00
2.4000000000e-02, -4.6202561483e-02, 4.9999965819e+00
2.5000000000e-02, -4.8733797528e-02, 4.9999965819e+00
2.6000000000e-02, -3.7603362351e-02, 4.9999965819e+00
2.7000000000e-02, -2.3856649601e-02, 4.9999965819e+00
2.8000000000e-02, -3.4566879585e-02, 4.9999965819e+00
2.9000000000e-02, -4.2010514437e-02, 4.9999965819e+00
3.0000000000e-02, -5.3771257404e-02, 4.9999965819e+00
3.1000000000e-02, -4.4876914148e-02, 4.9999965819e+00
3.2000000000e-02, -3.0139717728e-02, 4.9999965819e+00
3.3000000000e-02, -1.6408012307e-02, 4.9999965819e+00
3.4000000000e-02, -2.6012702438e-02, 4.9999965819e+00
3.5000000000e-02, -4.1475253060e-02, 4.9999965819e+00
3.6000000000e-02, -3.7748433191e-02, 4.9999965819e+00
3.7000000000e-02, -2.8493914055e-02, 4.9999965819e+00
3.8000000000e-02, -1.5192418712e-02, 4.9999965819e+00
3.9000000000e-02, -1.8739150641e-02, 4.9999965819e+00
4.0000000000e-02, -3.1355311323e-02, 4.9999965819e+00
4.1000000000e-02, -4.7528208819e-02, 4.9999965819e+00
4.2000000000e-02, -4.4116542846e-02, 4.9999965819e+00
4.3000000000e-02, -2.9379346426e-02, 4.9999965819e+00
4.4000000000e-02, -2.5147279837e-02, 4.9999965819e+00
4.5000000000e-02, -3.5877519593e-02, 4.9999965819e+00
4.6000000000e-02, -4.6997949885e-02, 4.9999965819e+00
4.7000000000e-02, -5.5131921839e-02, 4.9999965819e+00
4.8000000000e-02, -4.3161076275e-02, 4.9999965819e+00
4.9000000000e-02, -2.5837616940e-02, 4.9999965819e+00
5.0000000000e-02, -2.1360430655e-02, 4.9999965819e+00
5.1000000000e-02, -3.2475858505e-02, 4.9999965819e+00
5.2000000000e-02, -4.4786870178e-02, 4.9999965819e+00
5.3000000000e-02, -3.4406801416e-02, 4.9999965819e+00
5.4000000000e-02, -2.6047719537e-02, 4.9999965819e+00
5.5000000000e-02, -1.4967308787e-02, 4.9999965819e+00
5.6000000000e-02, -2.4321876779e-02, 4.9999965819e+00
5.7000000000e-02, -3.7813464947e-02, 4.9999965819e+00
5.8000000000e-02, -4.9729283641e-02, 4.9999965819e+00
5.9000000000e-02, -4.2340675660e-02, 4.9999965819e+00
6.0000000000e-02, -2.6252819691e-02, 4.9999965819e+00
6.1000000000e-02, -3.0209751927e-02, 4.9999965819e+00
6.2000000000e-02, -3.8183645713e-02, 4.9999965819e+00
6.3000000000e-02, -5.1390094643e-02, 4.9999965819e+00
6.4000000000e-02, -5.0849830823e-02, 4.9999965819e+00
6.5000000000e-02, -3.8433767852e-02, 4.9999965819e+00
6.6000000000e-02, -2.2165823942e-02, 4.9999965819e+00
6.7000000000e-02, -2.4577001361e-02, 4.9999965819e+00
6.8000000000e-02, -3.6132644174e-02, 4.9999965819e+00
6.9000000000e-02, -4.1130084508e-02, 4.9999965819e+00
7.0000000000e-02, -3.2070660640e-02, 4.9999965819e+00
7.1000000000e-02, -1.8093835522e-02, 4.9999965819e+00
7.2000000000e-02, -1.3321505114e-02, 4.9999965819e+00
7.3000000000e-02, -2.6332858775e-02, 4.9999965819e+00
7.4000000000e-02, -4.1185111379e-02, 4.9999965819e+00
7.5000000000e-02, -4.8173523937e-02, 4.9999965819e+00
7.6000000000e-02, -3.7168149829e-02, 4.9999965819e+00
7.7000000000e-02, -2.2866165931e-02, 4.9999965819e+00
7.8000000000e-02, -3.4091647522e-02, 4.9999965819e+00
7.9000000000e-02, -4.3561271697e-02, 4.9999965819e+00
8.0000000000e-02, -5.4781750845e-02, 4.9999965819e+00
8.1000000000e-02, -4.6562737363e-02, 4.9999965819e+00
8.2000000000e-02, -3.3161193165e-02, 4.9999965819e+00
8.3000000000e-02, -2.0765139965e-02, 4.9999965819e+00
8.4000000000e-02, -2.8158750389e-02, 4.9999965819e+00
8.5000000000e-02, -4.2755878410e-02, 4.9999965819e+00
8.6000000000e-02, -3.7783450291e-02, 4.9999965819e+00
8.7000000000e-02, -2.8493914055e-02, 4.9999965819e+00
8.8000000000e-02, -1.5397518866e-02, 4.9999965819e+00
8.9000000000e-02, -1.8013796438e-02, 4.9999965819e+00
9.0000000000e-02, -2.8598965353e-02, 4.9999965819e+00
9.1000000000e-02, -4.6962932785e-02, 4.9999965819e+00
9.2000000000e-02, -4.4641799337e-02, 4.9999965819e+00
9.3000000000e-02, -2.9584446580e-02, 4.9999965819e+00
9.4000000000e-02, -2.4647035560e-02, 4.9999965819e+00
9.5000000000e-02, -3.5027104321e-02, 4.9999965819e+00
9.6000000000e-02, -4.7543216147e-02, 4.9999965819e+00
9.7000000000e-02, -5.5552127033e-02, 4.9999965819e+00
9.8000000000e-02, -4.3211100703e-02, 4.9999965819e+00
9.9000000000e-02, -2.5027221211e-02, 4.9999965819e+00
1.0000000000e-01, -1.9669604997e-02, 4.9999965819e+00
1.0100000000e-01, -3.0379834981e-02, 4.9999965819e+00
1.0200000000e-01, -4.3961467120e-02, 4.9999965819e+00
1.0300000000e-01, -3.0745013304e-02, 4.9999965819e+00
1.0400000000e-01, -2.4101769297e-02, 4.9999965819e+00
1.0500000000e-01, -1.2706204652e-02, 4.9999965819e+00
1.0600000000e-01, -2.1340420884e-02, 4.9999965819e+00
1.0700000000e-01, -3.4666928441e-02, 4.9999965819e+00
1.0800000000e-01, -4.8178526380e-02, 4.9999965819e+00
1.0900000000e-01, -4.1675350771e-02, 4.9999965819e+00
1.1000000000e-01, -2.5347377548e-02, 4.9999965819e+00
1.1100000000e-01, -2.9279297571e-02, 4.9999965819e+00
1.1200000000e-01, -3.6517832268e-02, 4.9999965819e+00
1.1300000000e-01, -5.1790290065e-02, 4.9999965819e+00
1.1400000000e-01, -5.0789801509e-02, 4.9999965819e+00
1.1500000000e-01, -3.7413269525e-02, 4.9999965819e+00
1.1600000000e-01, -2.0044788205e-02, 4.9999965819e+00
1.1700000000e-01, -2.2095789744e-02, 4.9999965819e+00
1.1800000000e-01, -3.6392771199e-02, 4.9999965819e+00
1.1900000000e-01, -4.2155585277e-02, 4.9999965819e+00
1.2000000000e-01, -3.2540890261e-02, 4.9999965819e+00
1.2100000000e-01, -2.0369946986e-02, 4.9999965819e+00
1.2200000000e-01, -1.2966331677e-02, 4.9999965819e+00
1.2300000000e-01, -2.4111774183e-02, 4.9999965819e+00
1.2400000000e-01, -4.0774911071e-02, 4.9999965819e+00
1.2500000000e-01, -4.6007466215e-02, 4.9999965819e+00
1.2600000000e-01, -3.6402776084e-02, 4.9999965819e+00
1.2700000000e-01, -2.2636053563e-02, 4.9999965819e+00
1.2800000000e-01, -3.1910582471e-02, 4.9999965819e+00
1.2900000000e-01, -3.9769420073e-02, 4.9999965819e+00
1.3000000000e-01, -5.2835800605e-02, 4.9999965819e+00
1.3100000000e-01, -4.7568228361e-02, 4.9999965819e+00
1.3200000000e-01, -3.2976102782e-02, 4.9999965819e+00
1.3300000000e-01, -1.7793688956e-02, 4.9999965819e+00
1.3400000000e-01, -2.6688032212e-02, 4.9999965819e+00
1.3500000000e-01, -4.3296142230e-02, 4.9999965819e+00
1.3600000000e-01, -3.6857998377e-02, 4.9999965819e+00
1.3700000000e-01, -2.6037714651e-02, 4.9999965819e+00
1.3800000000e-01, -1.2406058086e-02, 4.9999965819e+00
1.3900000000e-01, -1.4727191534e-02, 4.9999965819e+00
1.4000000000e-01, -2.8408872528e-02, 4.9999965819e+00
1.4100000000e-01, -4.5077011859e-02, 4.9999965819e+00
1.4200000000e-01, -4.2915956579e-02, 4.9999965819e+00
1.4300000000e-01, -3.0424856966e-02, 4.9999965819e+00
1.4400000000e-01, -2.4717069758e-02, 4.9999965819e+00
1.4500000000e-01, -3.6107631960e-02, 4.9999965819e+00
1.4600000000e-01, -4.6687798433e-02, 4.9999965819e+00
1.4700000000e-01, -5.4066401528e-02, 4.9999965819e+00
1.4800000000e-01, -4.3026010320e-02, 4.9999965819e+00
1.4900000000e-01, -2.5192301822e-02, 4.9999965819e+00
1.5000000000e-01, -1.7588588802e-02, 4.9999965819e+00
1.5100000000e-01, -3.0239766584e-02, 4.9999965819e+00
1.5200000000e-01, -4.2655829555e-02, 4.9999965819e+00
1.5300000000e-01, -3.1445355293e-02, 4.9999965819e+00
1.5400000000e-01, -2.3706576318e-02, 4.9999965819e+00
1.5500000000e-01, -1.2476092284e-02, 4.9999965819e+00
1.5600000000e-01, -2.1605550352e-02, 4.9999965819e+00
1.5700000000e-01, -3.5717441424e-02, 4.9999965819e+00
1.5800000000e-01, -4.8578721802e-02, 4.9999965819e+00
1.5900000000e-01, -3.9904486028e-02, 4.9999965819e+00
1.6000000000e-01, -2.6623000456e-02, 4.9999965819e+00
1.6100000000e-01, -2.8999160775e-02, 4.9999965819e+00
1.6200000000e-01, -3.6527837154e-02, 4.9999965819e+00
1.6300000000e-01, -4.8438653404e-02, 4.9999965819e+00
1.6400000000e-01, -5.0209518147e-02, 4.9999965819e+00
1.6500000000e-01, -3.8528814264e-02, 4.9999965819e+00
1.6600000000e-01, -2.1400450198e-02, 4.9999965819e+00
1.6700000000e-01, -2.1450474625e-02, 4.9999965819e+00
1.6800000000e-01, -3.5232204475e-02, 4.9999965819e+00
1.6900000000e-01, -4.0990016110e-02, 4.9999965819e+00
1.7000000000e-01, -3.0034666430e-02, 4.9999965819e+00
1.7100000000e-01, -1.8739150641e-02, 4.9999965819e+00
1.7200000000e-01, -1.3021358547e-02, 4.9999965819e+00
1.7300000000e-01, -2.5367387319e-02, 4.9999965819e+00
1.7400000000e-01, -4.0774911071e-02, 4.9999965819e+00
1.7500000000e-01, -4.6682795990e-02, 4.9999965819e+00
1.7600000000e-01, -3.5907534249e-02, 4.9999965819e+00
1.7700000000e-01, -2.4306869451e-02, 4.9999965819e+00
1.7800000000e-01, -3.4091647522e-02, 4.9999965819e+00
1.7900000000e-01, -4.0399727863e-02, 4.9999965819e+00
1.8000000000e-01, -5.2645707779e-02, 4.9999965819e+00
1.8100000000e-01, -4.8763812185e-02, 4.9999965819e+00
1.8200000000e-01, -3.2906068584e-02, 4.9999965819e+00
1.8300000000e-01, -1.6953278569e-02, 4.9999965819e+00
1.8400000000e-01, -2.5302355563e-02, 4.9999965819e+00
1.8500000000e-01, -3.9804437172e-02, 4.9999965819e+00
1.8600000000e-01, -3.6657900666e-02, 4.9999965819e+00
1.8700000000e-01, -2.6943156794e-02, 4.9999965819e+00
1.8800000000e-01, -1.1915818694e-02, 4.9999965819e+00
1.8900000000e-01, -1.4462062067e-02, 4.9999965819e+00
1.9000000000e-01, -2.7578467027e-02, 4.9999965819e+00
1.9100000000e-01, -4.5587261022e-02, 4.9999965819e+00
1.9200000000e-01, -4.5167055829e-02, 4.9999965819e+00
1.9300000000e-01, -3.1105189184e-02, 4.9999965819e+00
1.9400000000e-01, -2.5902648697e-02, 4.9999965819e+00
1.9500000000e-01, -3.6737939750e-02, 4.9999965819e+00
1.9600000000e-01, -4.6962932785e-02, 4.9999965819e+00
1.9700000000e-01, -5.5216963367e-02, 4.9999965819e+00
1.9800000000e-01, -4.3801388951e-02, 4.9999965819e+00
1.9900000000e-01, -2.5437421518e-02, 4.9999965819e+00
2.0000000000e-01, -1.8449008960e-02, 4.9999965819e+00
2.0100000000e-01, -2.8548940925e-02, 4.9999965819e+00
2.0200000000e-01, -4.1195116264e-02, 4.9999965819e+00
2.0300000000e-01, -3.1755506745e-02, 4.9999965819e+00
2.0400000000e-01, -2.3771608074e-02, 4.9999965819e+00
2.0500000000e-01, -1.2110913962e-02, 4.9999965819e+00
2.0600000000e-01, -2.0820166836e-02, 4.9999965819e+00
2.0700000000e-01, -3.6497822497e-02, 4.9999965819e+00
2.0800000000e-01, -5.1475136170e-02, 4.9999965819e+00
2.0900000000e-01, -4.2645824669e-02, 4.9999965819e+00
2.1000000000e-01, -2.7373366873e-02, 4.9999965819e+00
2.1100000000e-01, -2.8754041079e-02, 4.9999965819e+00
2.1200000000e-01, -3.8053582201e-02, 4.9999965819e+00
2.1300000000e-01, -5.1285043344e-02, 4.9999965819e+00
2.1400000000e-01, -5.2100441517e-02, 4.9999965819e+00
2.1500000000e-01, -4.0214637480e-02, 4.9999965819e+00
2.1600000000e-01, -2.3596522577e-02, 4.9999965819e+00
2.1700000000e-01, -2.2465970509e-02, 4.9999965819e+00
2.1800000000e-01, -3.4366781874e-02, 4.9999965819e+00
2.1900000000e-01, -4.2520763600e-02, 4.9999965819e+00
2.2000000000e-01, -3.0539913150e-02, 4.9999965819e+00
2.2100000000e-01, -1.9339443774e-02, 4.9999965819e+00
2.2200000000e-01, -1.1330532889e-02, 4.9999965819e+00
2.2300000000e-01, -2.4076757083e-02, 4.9999965819e+00
2.2400000000e-01, -4.2280646347e-02, 4.9999965819e+00
2.2500000000e-01, -4.9679259213e-02, 4.9999965819e+00
2.2600000000e-01, -3.9014051214e-02, 4.9999965819e+00
2.2700000000e-01, -2.5157284723e-02, 4.9999965819e+00
2.2800000000e-01, -3.6617881124e-02, 4.9999965819e+00
2.2900000000e-01, -4.3471227727e-02, 4.9999965819e+00
2.3000000000e-01, -5.6812742612e-02, 4.9999965819e+00
2.3100000000e-01, -5.0584701356e-02, 4.9999965819e+00
2.3200000000e-01, -3.6342746771e-02, 4.9999965819e+00
2.3300000000e-01, -1.9494519500e-02, 4.9999965819e+00
2.3400000000e-01, -2.4556991590e-02, 4.9999965819e+00
2.3500000000e-01, -3.9874471371e-02, 4.9999965819e+00
2.3600000000e-01, -3.9144114726e-02, 4.9999965819e+00
2.3700000000e-01, -2.9324319556e-02, 4.9999965819e+00
2.3800000000e-01, -1.5242443140e-02, 4.9999965819e+00
2.3900000000e-01, -1.4156913057e-02, 4.9999965819e+00
2.4000000000e-01, -2.7593474355e-02, 4.9999965819e+00
2.4100000000e-01, -4.7973426226e-02, 4.9999965819e+00
2.4200000000e-01, -4.6382649423e-02, 4.9999965819e+00
2.4300000000e-01, -3.2806019728e-02, 4.9999965819e+00
2.4400000000e-01, -2.5832614498e-02, 4.9999965819e+00
2.4500000000e-01, -3.7383254868e-02, 4.9999965819e+00
2.4600000000e-01, -4.6552732478e-02, 4.9999965819e+00
2.4700000000e-01, -5.6327505663e-02, 4.9999965819e+00
2.4800000000e-01, -4.6677793547e-02, 4.9999965819e+00
2.4900000000e-01, -3.0745013304e-02, 4.9999965819e+00
2.5000000000e-01, -1.9074314307e-02, 4.9999965819e+00
2.5100000000e-01, -2.8689009323e-02, 4.9999965819e+00
2.5200000000e-01, -4.4626792009e-02, 4.9999965819e+00
2.5300000000e-01, -3.3696454542e-02, 4.9999965819e+00
2.5400000000e-01, -2.5457431289e-02, 4.9999965819e+00
2.5500000000e-01, -1.1770747853e-02, 4.9999965819e+00
2.5600000000e-01, -1.8694128656e-02, 4.9999965819e+00
2.5700000000e-01, -3.4046625537e-02, 4.9999965819e+00
2.5800000000e-01, -4.9759298297e-02, 4.9999965819e+00
2.5900000000e-01, -4.3026010320e-02, 4.9999965819e+00
2.6000000000e-01, -2.9544427038e-02, 4.9999965819e+00
2.6100000000e-01, -3.0274783683e-02, 4.9999965819e+00
2.6200000000e-01, -3.9514295491e-02, 4.9999965819e+00
2.6300000000e-01, -5.2705737093e-02, 4.9999965819e+00
2.6400000000e-01, -5.3005883659e-02, 4.9999965819e+00
2.6500000000e-01, -3.9009048771e-02, 4.9999965819e+00
2.6600000000e-01, -2.1315408670e-02, 4.9999965819e+00
2.6700000000e-01, -1.9054304536e-02, 4.9999965819e+00
2.6800000000e-01, -3.2525882933e-02, 4.9999965819e+00
2.6900000000e-01, -4.0229644808e-02, 4.9999965819e+00
2.7000000000e-01, -2.8749038636e-02, 4.9999965819e+00
2.7100000000e-01, -1.9684612325e-02, 4.9999965819e+00
2.7200000000e-01, -1.0965354566e-02, 4.9999965819e+00
2.7300000000e-01, -2.2806136618e-02, 4.9999965819e+00
2.7400000000e-01, -4.0404730305e-02, 4.9999965819e+00
2.7500000000e-01, -4.8998926995e-02, 4.9999965819e+00
2.7600000000e-01, -4.0044554426e-02, 4.9999965819e+00
2.7700000000e-01, -2.4807113728e-02, 4.9999965819e+00
2.7800000000e-01, -3.3721466756e-02, 4.9999965819e+00
2.7900000000e-01, -4.2060538864e-02, 4.9999965819e+00
2.8000000000e-01, -5.4301516338e-02, 4.9999965819e+00
2.8100000000e-01, -4.9759298297e-02, 4.9999965819e+00
2.8200000000e-01, -3.3756483856e-02, 4.9999965819e+00
2.8300000000e-01, -1.6307963451e-02, 4.9999965819e+00
2.8400000000e-01, -2.2135809286e-02, 4.9999965819e+00
2.8500000000e-01, -3.7058096088e-02, 4.9999965819e+00
2.8600000000e-01, -3.6192673488e-02, 4.9999965819e+00
2.8700000000e-01, -2.6948159237e-02, 4.9999965819e+00
2.8800000000e-01, -1.3651666337e-02, 4.9999965819e+00
2.8900000000e-01, -1.3326507556e-02, 4.9999965819e+00
2.9000000000e-01, -2.7348354659e-02, 4.9999965819e+00
2.9100000000e-01, -4.4826889720e-02, 4.9999965819e+00
2.9200000000e-01, -4.6447681179e-02, 4.9999965819e+00
2.9300000000e-01, -3.4131667064e-02, 4.9999965819e+00
2.9400000000e-01, -2.5372389762e-02, 4.9999965819e+00
2.9500000000e-01, -3.7158144944e-02, 4.9999965819e+00
2.9600000000e-01, -4.7828355386e-02, 4.9999965819e+00
2.9700000000e-01, -5.6867769483e-02, 4.9999965819e+00
2.9800000000e-01, -4.4766860407e-02, 4.9999965819e+00
2.9900000000e-01, -2.7143254505e-02, 4.9999965819e+00
3.0000000000e-01, -1.6938271241e-02, 4.9999965819e+00
3.0100000000e-01, -2.7493425499e-02, 4.9999965819e+00
3.0200000000e-01, -4.1370201761e-02, 4.9999965819e+00
3.0300000000e-01, -3.2265755908e-02, 4.9999965819e+00
3.0400000000e-01, -2.5627514344e-02, 4.9999965819e+00
3.0500000000e-01, -1.2716209538e-02, 4.9999965819e+00
3.0600000000e-01, -2.0660088667e-02, 4.9999965819e+00
3.0700000000e-01, -3.3236229807e-02, 4.9999965819e+00
3.0800000000e-01, -4.9018936767e-02, 4.9999965819e+00
3.0900000000e-01, -4.3401193529e-02, 4.9999965819e+00
3.1000000000e-01, -2.7853601379e-02, 4.9999965819e+00
3.1100000000e-01, -2.8078711304e-02, 4.9999965819e+00
3.1200000000e-01, -3.7783450291e-02, 4.9999965819e+00
3.1300000000e-01, -4.9184017378e-02, 4.9999965819e+00
3.1400000000e-01, -5.1790290065e-02, 4.9999965819e+00
3.1500000000e-01, -3.9509293048e-02, 4.9999965819e+00
3.1600000000e-01, -2.1160332944e-02, 4.9999965819e+00
3.1700000000e-01, -1.9139346063e-02, 4.9999965819e+00
3.1800000000e-01, -3.1390328422e-02, 4.9999965819e+00
3.1900000000e-01, -4.0539796260e-02, 4.9999965819e+00
3.2000000000e-01, -2.8784055736e-02, 4.9999965819e+00
3.2100000000e-01, -2.1255379357e-02, 4.9999965819e+00
3.2200000000e-01, -1.2396053200e-02, 4.9999965819e+00
3.2300000000e-01, -2.1365433098e-02, 4.9999965819e+00
3.2400000000e-01, -3.8103606628e-02, 4.9999965819e+00
3.2500000000e-01, -4.8813836613e-02, 4.9999965819e+00
3.2600000000e-01, -4.0069566639e-02, 4.9999965819e+00
3.2700000000e-01, -2.4607016017e-02, 4.9999965819e+00
3.2800000000e-01, -3.5712438981e-02, 4.9999965819e+00
3.2900000000e-01, -4.2015516879e-02, 4.9999965819e+00
3.3000000000e-01, -5.4696709318e-02, 4.9999965819e+00
3.3100000000e-01, -4.9078966080e-02, 4.9999965819e+00
3.3200000000e-01, -3.3681447214e-02, 4.9999965819e+00
3.3300000000e-01, -1.6818212614e-02, 4.9999965819e+00
3.3400000000e-01, -2.1710601650e-02, 4.9999965819e+00
3.3500000000e-01, -3.6122639289e-02, 4.9999965819e+00
3.3600000000e-01, -3.6187671045e-02, 4.9999965819e+00
3.3700000000e-01, -2.7008188550e-02, 4.9999965819e+00
3.3800000000e-01, -1.4862257489e-02, 4.9999965819e+00
3.3900000000e-01, -1.4887269703e-02, 4.9999965819e+00
3.4000000000e-01, -2.7018193436e-02, 4.9999965819e+00
3.4100000000e-01, -4.5102024073e-02, 4.9999965819e+00
3.4200000000e-01, -4.7293094009e-02, 4.9999965819e+00
3.4300000000e-01, -3.5637402339e-02, 4.9999965819e+00
3.4400000000e-01, -2.6382883203e-02, 4.9999965819e+00
3.4500000000e-01, -3.6352751657e-02, 4.9999965819e+00
3.4600000000e-01, -4.5031989874e-02, 4.9999965819e+00
3.4700000000e-01, -5.5527114819e-02, 4.9999965819e+00
3.4800000000e-01, -4.4761857964e-02, 4.9999965819e+00
3.4900000000e-01, -2.6617998014e-02, 4.9999965819e+00
3.5000000000e-01, -1.6192907267e-02, 4.9999965819e+00
3.5100000000e-01, -2.5792594955e-02, 4.9999965819e+00
3.5200000000e-01, -4.1720372756e-02, 4.9999965819e+00
3.5300000000e-01, -3.2275760794e-02, 4.9999965819e+00
3.5400000000e-01, -2.4436932963e-02, 4.9999965819e+00
3.5500000000e-01, -1.2851275493e-02, 4.9999965819e+00
3.5600000000e-01, -1.9149350948e-02, 4.9999965819e+00
3.5700000000e-01, -3.3166195608e-02, 4.9999965819e+00
3.5800000000e-01, -4.9904369138e-02, 4.9999965819e+00
3.5900000000e-01, -4.4076523303e-02, 4.9999965819e+00
3.6000000000e-01, -2.8814070392e-02, 4.9999965819e+00
3.6100000000e-01, -2.8088716190e-02, 4.9999965819e+00
3.6200000000e-01, -3.6893015476e-02, 4.9999965819e+00
3.6300000000e-01, -5.0224525476e-02, 4.9999965819e+00
3.6400000000e-01, -5.3105932515e-02, 4.9999965819e+00
3.6500000000e-01, -4.1865443596e-02, 4.9999965819e+00
3.6600000000e-01, -2.3706576318e-02, 4.9999965819e+00
3.6700000000e-01, -1.9969751564e-02, 4.9999965819e+00
3.6800000000e-01, -3.2455848734e-02, 4.9999965819e+00
3.6900000000e-01, -4.2015516879e-02, 4.9999965819e+00
3.7000000000e-01, -2.7583469469e-02, 4.9999965819e+00
3.7100000000e-01, -1.8163869721e-02, 4.9999965819e+00
3.7200000000e-01, -1.1185462048e-02, 4.9999965819e+00
3.7300000000e-01, -2.2060772644e-02, 4.9999965819e+00
3.7400000000e-01, -3.8168638384e-02, 4.9999965819e+00
3.7500000000e-01, -4.8493680275e-02, 4.9999965819e+00
3.7600000000e-01, -4.2245629247e-02, 4.9999965819e+00
3.7700000000e-01, -2.7748550081e-02, 4.9999965819e+00
3.7800000000e-01, -3.5442307071e-02, 4.9999965819e+00
3.7900000000e-01, -4.2530768485e-02, 4.9999965819e+00
3.8000000000e-01, -5.5402053749e-02, 4.9999965819e+00
3.8100000000e-01, -5.2375575870e-02, 4.9999965819e+00
3.8200000000e-01, -3.7668394107e-02, 4.9999965819e+00
3.8300000000e-01, -1.8333952776e-02, 4.9999965819e+00
3.8400000000e-01, -2.2746107305e-02, 4.9999965819e+00
3.8500000000e-01, -3.8028569987e-02, 4.9999965819e+00
3.8600000000e-01, -3.7113122959e-02, 4.9999965819e+00
3.8700000000e-01, -2.7538447484e-02, 4.9999965819e+00
3.8800000000e-01, -1.6548080705e-02, 4.9999965819e+00
3.8900000000e-01, -1.5017333215e-02, 4.9999965819e+00
3.9000000000e-01, -2.8273806573e-02, 4.9999965819e+00
3.9100000000e-01, -4.7583235690e-02, 4.9999965819e+00
3.9200000000e-01, -5.0259542575e-02, 4.9999965819e+00
3.9300000000e-01, -3.8288697011e-02, 4.9999965819e+00
3.9400000000e-01, -2.6512946715e-02, 4.9999965819e+00
3.9500000000e-01, -3.7193162043e-02, 4.9999965819e+00
3.9600000000e-01, -4.7973426226e-02, 4.9999965819e+00
3.9700000000e-01, -5.6462571618e-02, 4.9999965819e+00
3.9800000000e-01, -4.6932918129e-02, 4.9999965819e+00
3.9900000000e-01, -3.0329810554e-02, 4.9999965819e+00
4.0000000000e-01, -1.5447543294e-02, 4.9999965819e+00
4.0100000000e-01, -2.4441935406e-02, 4.9999965819e+00
4.0200000000e-01, -3.9579327247e-02, 4.9999965819e+00
4.0300000000e-01, -3.2240743694e-02, 4.9999965819e+00
4.0400000000e-01, -2.4531979376e-02, 4.9999965819e+00
4.0500000000e-01, -1.0720234870e-02, 4.9999965819e+00
4.0600000000e-01, -1.6928266356e-02, 4.9999965819e+00
4.0700000000e-01, -3.2525882933e-02, 4.9999965819e+00
4.0800000000e-01, -4.9194022264e-02, 4.9999965819e+00
4.0900000000e-01, -4.5507221937e-02, 4.9999965819e+00
4.1000000000e-01, -3.3106166295e-02, 4.9999965819e+00
4.1100000000e-01, -3.1155213612e-02, 4.9999965819e+00
4.1200000000e-01, -4.1110074737e-02, 4.9999965819e+00
4.1300000000e-01, -5.1655224110e-02, 4.9999965819e+00
4.1400000000e-01, -5.5432068406e-02, 4.9999965819e+00
4.1500000000e-01, -4.3281134902e-02, 4.9999965819e+00
4.1600000000e-01, -2.2961212344e-02, 4.9999965819e+00
4.1700000000e-01, -1.7198398265e-02, 4.9999965819e+00
4.1800000000e-01, -2.9584446580e-02, 4.9999965819e+00
4.1900000000e-01, -4.0339698549e-02, 4.9999965819e+00
4.2000000000e-01, -2.9809556505e-02, 4.9999965819e+00
4.2100000000e-01, -2.0520020269e-02, 4.9999965819e+00
4.2200000000e-01, -1.2446077628e-02, 4.9999965819e+00
4.2300000000e-01, -2.3721583646e-02, 4.9999965819e+00
4.2400000000e-01, -4.0704876872e-02, 4.9999965819e+00
4.2500000000e-01, -5.1225014031e-02, 4.9999965819e+00
4.2600000000e-01, -4.0879962369e-02, 4.9999965819e+00
4.2700000000e-01, -2.5787592513e-02, 4.9999965819e+00
4.2800000000e-01, -3.4396796531e-02, 4.9999965819e+00
4.2900000000e-01, -4.0809928170e-02, 4.9999965819e+00
4.3000000000e-01, -5.2345561213e-02, 4.9999965819e+00
4.3100000000e-01, -4.8613738902e-02, 4.9999965819e+00
4.3200000000e-01, -3.6397773642e-02, 4.9999965819e+00
4.3300000000e-01, -1.8118847736e-02, 4.9999965819e+00
4.3400000000e-01, -2.2691080434e-02, 4.9999965819e+00
4.3500000000e-01, -3.6847993491e-02, 4.9999965819e+00
4.3600000000e-01, -3.8858975488e-02, 4.9999965819e+00
4.3700000000e-01, -2.9779541848e-02, 4.9999965819e+00
4.3800000000e-01, -1.7373483763e-02, 4.9999965819e+00
4.3900000000e-01, -1.5517577493e-02, 4.9999965819e+00
4.4000000000e-01, -2.7838594051e-02, 4.9999965819e+00
4.4100000000e-01, -4.5857392932e-02, 4.9999965819e+00
4.4200000000e-01, -4.9088970965e-02, 4.9999965819e+00
4.4300000000e-01, -3.7013074103e-02, 4.9999965819e+00
4.4400000000e-01, -2.5837616940e-02, 4.9999965819e+00
4.4500000000e-01, -3.6567856696e-02, 4.9999965819e+00
4.4600000000e-01, -4.3981476891e-02, 4.9999965819e+00
4.4700000000e-01, -5.4696709318e-02, 4.9999965819e+00
4.4800000000e-01, -4.5512224380e-02, 4.9999965819e+00
4.4900000000e-01, -2.8679004437e-02, 4.9999965819e+00
4.5000000000e-01, -1.7143371395e-02, 4.9999965819e+00
4.5100000000e-01, -2.5807602284e-02, 4.9999965819e+00
4.5200000000e-01, -3.9734402973e-02, 4.9999965819e+00
4.5300000000e-01, -3.4011608437e-02, 4.9999965819e+00
4.5400000000e-01, -2.6162775721e-02, 4.9999965819e+00
4.5500000000e-01, -1.3161426945e-02, 4.9999965819e+00
4.5600000000e-01, -1.9429487744e-02, 4.9999965819e+00
4.5700000000e-01, -3.1980616670e-02, 4.9999965819e+00
4.5800000000e-01, -4.9849342267e-02, 4.9999965819e+00
4.5900000000e-01, -4.4901926361e-02, 4.9999965819e+00
4.6000000000e-01, -3.1280274681e-02, 4.9999965819e+00
4.6100000000e-01, -2.9024172989e-02, 4.9999965819e+00
4.6200000000e-01, -3.8558828921e-02, 4.9999965819e+00
4.6300000000e-01, -4.9734286084e-02, 4.9999965819e+00
4.6400000000e-01, -5.4286509010e-02, 4.9999965819e+00
4.6500000000e-01, -4.3866420707e-02, 4.9999965819e+00
4.6600000000e-01, -2.5822609612e-02, 4.9999965819e+00
4.6700000000e-01, -1.9209380262e-02, 4.9999965819e+00
4.6800000000e-01, -2.9889595589e-02, 4.9999965819e+00
4.6900000000e-01, -4.3286137345e-02, 4.9999965819e+00
4.7000000000e-01, -3.3091158966e-02, 4.9999965819e+00
4.7100000000e-01, -2.3356405323e-02, 4.9999965819e+00
4.7200000000e-01, -1.2676189996e-02, 4.9999965819e+00
4.7300000000e-01, -2.1635565008e-02, 4.9999965819e+00
4.7400000000e-01, -3.6923030133e-02, 4.9999965819e+00
4.7500000000e-01, -5.1240021359e-02, 4.9999965819e+00
4.7600000000e-01, -4.1445238403e-02, 4.9999965819e+00
4.7700000000e-01, -2.6057724423e-02, 4.9999965819e+00
4.7800000000e-01, -3.3096161409e-02, 4.9999965819e+00
4.7900000000e-01, -4.3406195971e-02, 4.9999965819e+00
4.8000000000e-01, -5.6142415280e-02, 4.9999965819e+00
4.8100000000e-01, -5.2505639382e-02, 4.9999965819e+00
4.8200000000e-01, -3.9499288163e-02, 4.9999965819e+00
4.8300000000e-01, -2.1330415999e-02, 4.9999965819e+00
4.8400000000e-01, -2.3726586089e-02, 4.9999965819e+00
4.8500000000e-01, -3.7603362351e-02, 4.9999965819e+00
4.8600000000e-01, -3.9939503127e-02, 4.9999965819e+00
4.8700000000e-01, -2.8859092377e-02, 4.9999965819e+00
4.8800000000e-01, -1.7833708498e-02, 4.9999965819e+00
4.8900000000e-01, -1.1920821136e-02, 4.9999965819e+00
4.9000000000e-01, -2.3471461507e-02, 4.9999965819e+00
4.9100000000e-01, -4.3811393836e-02, 4.9999965819e+00
4.9200000000e-01, -4.9764300740e-02, 4.9999965819e+00
4.9300000000e-01, -3.6477812726e-02, 4.9999965819e+00
4.9400000000e-01, -2.5147279837e-02, 4.9999965819e+00
4.9500000000e-01, -4.0054559311e-02, 4.9999965819e+00
4.9600000000e-01, -4.7613250346e-02, 4.9999965819e+00
4.9700000000e-01, -5.8728678196e-02, 4.9999965819e+00
4.9800000000e-01, -4.9359102875e-02, 4.9999965819e+00
4.9900000000e-01, -3.1950602013e-02, 4.9999965819e+00
5.0000000000e-01, -1.8804182397e-02, 4.9999965819e+00
5.0100000000e-01, -2.5632516787e-02, 4.9999965819e+00
5.0200000000e-01, -3.9504290606e-02, 4.9999965819e+00
5.0300000000e-01, -3.2240743694e-02, 4.9999965819e+00
5.0400000000e-01, -2.5992692666e-02, 4.9999965819e+00
5.0500000000e-01, -1.4051861759e-02, 4.9999965819e+00
5.0600000000e-01, -1.8408989417e-02, 4.9999965819e+00
5.0700000000e-01, -3.0369830096e-02, 4.9999965819e+00
5.0800000000e-01, -4.9164007607e-02, 4.9999965819e+00
5.0900000000e-01, -4.5212077814e-02, 4.9999965819e+00
5.1000000000e-01, -3.0770025518e-02, 4.9999965819e+00
5.1100000000e-01, -2.7733542753e-02, 4.9999965819e+00
5.1200000000e-01, -3.7673396550e-02, 4.9999965819e+00
5.1300000000e-01, -4.9809322725e-02, 4.9999965819e+00
5.1400000000e-01, -5.5607153903e-02, 4.9999965819e+00
5.1500000000e-01, -4.2900949251e-02, 4.9999965819e+00
5.1600000000e-01, -2.5177294494e-02, 4.9999965819e+00
5.1700000000e-01, -1.8629096900e-02, 4.9999965819e+00
5.1800000000e-01, -3.0184739713e-02, 4.9999965819e+00
5.1900000000e-01, -4.1355194433e-02, 4.9999965819e+00
5.2000000000e-01, -2.9064192531e-02, 4.9999965819e+00
5.2100000000e-01, -2.1475486839e-02, 4.9999965819e+00
5.2200000000e-01, -1.0034900210e-02, 4.9999965819e+00
5.2300000000e-01, -2.0685100881e-02, 4.9999965819e+00
5.2400000000e-01, -3.6467807840e-02, 4.9999965819e+00
5.2500000000e-01, -5.0284554789e-02, 4.9999965819e+00
5.2600000000e-01, -4.2795897953e-02, 4.9999965819e+00
5.2700000000e-01, -2.7608481683e-02, 4.9999965819e+00
5.2800000000e-01, -3.3486351946e-02, 4.9999965819e+00
5.2900000000e-01, -4.2420714744e-02, 4.9999965819e+00
5.3000000000e-01, -5.5146929168e-02, 4.9999965819e+00
5.3100000000e-01, -5.2060421975e-02, 4.9999965819e+00
5.3200000000e-01, -3.7928521131e-02, 4.9999965819e+00
5.3300000000e-01, -1.8193884378e-02, 4.9999965819e+00
5.3400000000e-01, -2.1340420884e-02, 4.9999965819e+00
5.3500000000e-01, -3.6207680816e-02, 4.9999965819e+00
5.3600000000e-01, -3.9324202666e-02, 4.9999965819e+00
5.3700000000e-01, -2.8238789473e-02, 4.9999965819e+00
5.3800000000e-01, -1.6848227271e-02, 4.9999965819e+00
5.3900000000e-01, -1.2726214423e-02, 4.9999965819e+00
5.4000000000e-01, -2.5682541214e-02, 4.9999965819e+00
5.4100000000e-01, -4.3386186200e-02, 4.9999965819e+00
5.4200000000e-01, -4.8088482410e-02, 4.9999965819e+00
5.4300000000e-01, -3.7123127844e-02, 4.9999965819e+00
5.4400000000e-01, -2.5667533886e-02, 4.9999965819e+00
5.4500000000e-01, -3.7453289067e-02, 4.9999965819e+00
5.4600000000e-01, -4.5427182853e-02, 4.9999965819e+00
5.4700000000e-01, -5.6432556961e-02, 4.9999965819e+00
5.4800000000e-01, -4.8678770658e-02, 4.9999965819e+00
5.4900000000e-01, -3.1665462775e-02, 4.9999965819e+00
5.5000000000e-01, -1.7033317654e-02, 4.9999965819e+00
5.5100000000e-01, -2.7828589165e-02, 4.9999965819e+00
5.5200000000e-01, -4.0384720534e-02, 4.9999965819e+00
5.5300000000e-01, -3.3056141867e-02, 4.9999965819e+00
5.5400000000e-01, -2.4977196783e-02, 4.9999965819e+00
5.5500000000e-01, -1.2045882206e-02, 4.9999965819e+00
5.5600000000e-01, -1.6658134446e-02, 4.9999965819e+00
5.5700000000e-01, -3.1170220940e-02, 4.9999965819e+00
5.5800000000e-01, -5.0039435093e-02, 4.9999965819e+00
5.5900000000e-01, -4.7233064695e-02, 4.9999965819e+00
5.6000000000e-01, -3.2705970872e-02, 4.9999965819e+00
5.6100000000e-01, -2.9849576047e-02, 4.9999965819e+00
5.6200000000e-01, -4.2360685431e-02, 4.9999965819e+00
5.6300000000e-01, -5.1955370676e-02, 4.9999965819e+00
5.6400000000e-01, -5.7227945363e-02, 4.9999965819e+00
5.6500000000e-01, -4.5997461330e-02, 4.9999965819e+00
5.6600000000e-01, -2.8023684434e-02, 4.9999965819e+00
5.6700000000e-01, -2.1245374472e-02, 4.9999965819e+00
5.6800000000e-01, -3.1265267353e-02, 4.9999965819e+00
5.6900000000e-01, -4.3101046962e-02, 4.9999965819e+00
5.7000000000e-01, -3.4226713477e-02, 4.9999965819e+00
5.7100000000e-01, -2.4882150370e-02, 4.9999965819e+00
5.7200000000e-01, -1.1595662356e-02, 4.9999965819e+00
5.7300000000e-01, -1.9349448659e-02, 4.9999965819e+00
5.7400000000e-01, -3.4842013938e-02, 4.9999965819e+00
5.7500000000e-01, -4.9534188372e-02, 4.9999965819e+00
5.7600000000e-01, -4.3131061619e-02, 4.9999965819e+00
5.7700000000e-01, -2.9139229173e-02, 4.9999965819e+00
5.7800000000e-01, -3.4426811188e-02, 4.9999965819e+00
5.7900000000e-01, -4.0379718092e-02, 4.9999965819e+00
5.8000000000e-01, -5.3511130380e-02, 4.9999965819e+00
5.8100000000e-01, -5.4811765502e-02, 4.9999965819e+00
5.8200000000e-01, -4.2420714744e-02, 4.9999965819e+00
5.8300000000e-01, -2.1155330502e-02, 4.9999965819e+00
5.8400000000e-01, -2.1650572337e-02, 4.9999965819e+00
5.8500000000e-01, -3.5642404782e-02, 4.9999965819e+00
5.8600000000e-01, -4.0059561754e-02, 4.9999965819e+00
5.8700000000e-01, -2.7423391301e-02, 4.9999965819e+00
5.8800000000e-01, -1.7618603459e-02, 4.9999965819e+00
5.8900000000e-01, -1.2020869992e-02, 4.9999965819e+00
5.9000000000e-01, -2.3421437079e-02, 4.9999965819e+00
5.9100000000e-01, -4.3396191086e-02, 4.9999965819e+00
5.9200000000e-01, -5.2020402432e-02, 4.9999965819e+00
5.9300000000e-01, -4.0079571525e-02, 4.9999965819e+00
5.9400000000e-01, -2.7663508554e-02, 4.9999965819e+00
5.9500000000e-01, -3.7803460062e-02, 4.9999965819e+00
5.9600000000e-01, -4.5372155982e-02, 4.9999965819e+00
5.9700000000e-01, -5.6767720627e-02, 4.9999965819e+00
5.9800000000e-01, -4.8583724245e-02, 4.9999965819e+00
5.9900000000e-01, -3.1320294223e-02, 4.9999965819e+00
6.0000000000e-01, -1.7448520404e-02, 4.9999965819e+00
6.0100000000e-01, -2.4892155256e-02, 4.9999965819e+00
6.0200000000e-01, -4.1075057637e-02, 4.9999965819e+00
6.0300000000e-01, -3.6077617304e-02, 4.9999965819e+00
6.0400000000e-01, -2.7218291147e-02, 4.9999965819e+00
6.0500000000e-01, -1.3451568626e-02, 4.9999965819e+00
6.0600000000e-01, -1.7498544832e-02, 4.9999965819e+00
6.0700000000e-01, -3.1710484760e-02, 4.9999965819e+00
6.0800000000e-01, -4.9809322725e-02, 4.9999965819e+00
6.0900000000e-01, -4.5992458887e-02, 4.9999965819e+00
6.1000000000e-01, -3.3611413015e-02, 4.9999965819e+00
6.1100000000e-01, -2.9804554062e-02, 4.9999965819e+00
6.1200000000e-01, -3.9314197780e-02, 4.9999965819e+00
6.1300000000e-01, -4.8618741344e-02, 4.9999965819e+00
6.1400000000e-01, -5.7187925820e-02, 4.9999965819e+00
6.1500000000e-01, -4.3761369408e-02, 4.9999965819e+00
6.1600000000e-01, -2.6007699995e-02, 4.9999965819e+00
6.1700000000e-01, -1.8278925905e-02, 4.9999965819e+00
6.1800000000e-01, -3.0259776355e-02, 4.9999965819e+00
6.1900000000e-01, -4.2580792913e-02, 4.9999965819e+00
6.2000000000e-01, -2.9979639559e-02, 4.9999965819e+00
6.2100000000e-01, -2.2541007151e-02, 4.9999965819e+00
6.2200000000e-01, -1.2376043429e-02, 4.9999965819e+00
6.2300000000e-01, -2.0144837061e-02, 4.9999965819e+00
6.2400000000e-01, -3.5622395011e-02, 4.9999965819e+00
6.2500000000e-01, -4.9759298297e-02, 4.9999965819e+00
6.2600000000e-01, -4.3141066504e-02, 4.9999965819e+00
6.2700000000e-01, -2.7408383972e-02, 4.9999965819e+00
6.2800000000e-01, -3.1955604456e-02, 4.9999965819e+00
6.2900000000e-01, -4.0724886643e-02, 4.9999965819e+00
6.3000000000e-01, -5.6427554518e-02, 4.9999965819e+00
6.3100000000e-01, -5.4641682447e-02, 4.9999965819e+00
6.3200000000e-01, -4.0199630152e-02, 4.9999965819e+00
6.3300000000e-01, -2.0655086224e-02, 4.9999965819e+00
6.3400000000e-01, -2.1735613864e-02, 4.9999965819e+00
6.3500000000e-01, -3.5697431653e-02, 4.9999965819e+00
6.3600000000e-01, -4.1295165120e-02, 4.9999965819e+00
6.3700000000e-01, -2.8939131462e-02, 4.9999965819e+00
6.3800000000e-01, -1.9084319192e-02, 4.9999965819e+00
6.3900000000e-01, -1.3236463587e-02, 4.9999965819e+00
6.4000000000e-01, -2.5052233425e-02, 4.9999965819e+00
6.4100000000e-01, -4.3616298568e-02, 4.9999965819e+00
6.4200000000e-01, -4.8103489738e-02, 4.9999965819e+00
6.4300000000e-01, -3.6802971506e-02, 4.9999965819e+00
6.4400000000e-01, -2.4822121057e-02, 4.9999965819e+00
6.4500000000e-01, -3.5032106764e-02, 4.9999965819e+00
6.4600000000e-01, -4.4016493990e-02, 4.9999965819e+00
6.4700000000e-01, -5.6292488563e-02, 4.9999965819e+00
6.4800000000e-01, -4.9068961194e-02, 4.9999965819e+00
6.4900000000e-01, -3.3891549811e-02, 4.9999965819e+00
6.5000000000e-01, -1.7778681628e-02, 4.9999965819e+00
6.5100000000e-01, -2.5872634040e-02, 4.9999965819e+00
6.5200000000e-01, -4.1590309243e-02, 4.9999965819e+00
6.5300000000e-01, -3.6642893338e-02, 4.9999965819e+00
6.5400000000e-01, -2.6718046869e-02, 4.9999965819e+00
6.5500000000e-01, -1.3526605268e-02, 4.9999965819e+00
6.5600000000e-01, -1.6533073376e-02, 4.9999965819e+00
6.5700000000e-01, -2.9494402610e-02, 4.9999965819e+00
6.5800000000e-01, -4.6547730035e-02, 4.9999965819e+00
6.5900000000e-01, -4.4791872620e-02, 4.9999965819e+00
6.6000000000e-01, -3.1945599570e-02, 4.9999965819e+00
6.6100000000e-01, -2.6963166565e-02, 4.9999965819e+00
6.6200000000e-01, -3.7483303724e-02, 4.9999965819e+00
6.6300000000e-01, -4.9574207915e-02, 4.9999965819e+00
6.6400000000e-01, -5.8333485216e-02, 4.9999965819e+00
6.6500000000e-01, -4.7092996298e-02, 4.9999965819e+00
6.6600000000e-01, -2.9859580933e-02, 4.9999965819e+00
6.6700000000e-01, -2.0194861489e-02, 4.9999965819e+00
6.6800000000e-01, -3.2090670411e-02, 4.9999965819e+00
6.6900000000e-01, -4.3396191086e-02, 4.9999965819e+00
6.7000000000e-01, -3.2886058812e-02, 4.9999965819e+00
6.7100000000e-01, -2.5037226096e-02, 4.9999965819e+00
6.7200000000e-01, -1.2481094727e-02, 4.9999965819e+00
6.7300000000e-01, -1.8534050487e-02, 4.9999965819e+00
6.7400000000e-01, -3.5217197146e-02, 4.9999965819e+00
6.7500000000e-01, -5.0124476620e-02, 4.9999965819e+00
6.7600000000e-01, -4.2885941923e-02, 4.9999965819e+00
6.7700000000e-01, -2.7313337559e-02, 4.9999965819e+00
6.7800000000e-01, -3.1900577585e-02, 4.9999965819e+00
6.7900000000e-01, -4.1410221304e-02, 4.9999965819e+00
6.8000000000e-01, -5.5887290699e-02, 4.9999965819e+00
6.8100000000e-01, -5.4461594507e-02, 4.9999965819e+00
6.8200000000e-01, -4.1455243289e-02, 4.9999965819e+00
6.8300000000e-01, -2.3071266085e-02, 4.9999965819e+00
6.8400000000e-01, -2.3761603188e-02, 4.9999965819e+00
6.8500000000e-01, -3.6642893338e-02, 4.9999965819e+00
6.8600000000e-01, -4.2590797799e-02, 4.9999965819e+00
6.8700000000e-01, -3.2620929345e-02, 4.9999965819e+00
6.8800000000e-01, -2.1115310959e-02, 4.9999965819e+00
6.8900000000e-01, -1.3956815346e-02, 4.9999965819e+00
6.9000000000e-01, -2.5512458160e-02, 4.9999965819e+00
6.9100000000e-01, -4.2210612148e-02, 4.9999965819e+00
6.9200000000e-01, -4.9704271427e-02, 4.9999965819e+00
6.9300000000e-01, -3.9224153810e-02, 4.9999965819e+00
6.9400000000e-01, -2.5747572970e-02, 4.9999965819e+00
6.9500000000e-01, -3.6147651503e-02, 4.9999965819e+00
6.9600000000e-01, -4.4896923919e-02, 4.9999965819e+00
6.9700000000e-01, -5.7433045517e-02, 4.9999965819e+00
6.9800000000e-01, -5.1610202125e-02, 4.9999965819e+00
6.9900000000e-01, -3.5407289972e-02, 4.9999965819e+00
7.0000000000e-01, -2.1255379357e-02, 4.9999965819e+00
7.0100000000e-01, -2.8058701533e-02, 4.9999965819e+00
7.0200000000e-01, -4.1980499780e-02, 4.9999965819e+00
7.0300000000e-01, -3.9069078084e-02, 4.9999965819e+00
7.0400000000e-01, -3.1240255139e-02, 4.9999965819e+00
7.0500000000e-01, -1.7148373838e-02, 4.9999965819e+00
7.0600000000e-01, -1.6998300554e-02, 4.9999965819e+00
7.0700000000e-01, -2.8684006880e-02, 4.9999965819e+00
7.0800000000e-01, -4.8813836613e-02, 4.9999965819e+00
7.0900000000e-01, -4.7868374928e-02, 4.9999965819e+00
7.1000000000e-01, -3.3626420343e-02, 4.9999965819e+00
7.1100000000e-01, -2.7168266719e-02, 4.9999965819e+00
7.1200000000e-01, -4.0029547097e-02, 4.9999965819e+00
7.1300000000e-01, -4.9264056463e-02, 4.9999965819e+00
7.1400000000e-01, -5.7112889179e-02, 4.9999965819e+00
7.1500000000e-01, -4.4311638114e-02, 4.9999965819e+00
7.1600000000e-01, -2.8438887184e-02, 4.9999965819e+00
7.1700000000e-01, -2.2440958295e-02, 4.9999965819e+00
7.1800000000e-01, -3.1360313766e-02, 4.9999965819e+00
7.1900000000e-01, -4.4056513532e-02, 4.9999965819e+00
7.2000000000e-01, -3.5642404782e-02, 4.9999965819e+00
7.2100000000e-01, -2.7963655120e-02, 4.9999965819e+00
7.2200000000e-01, -1.3891783590e-02, 4.9999965819e+00
7.2300000000e-01, -2.0690103323e-02, 4.9999965819e+00
7.2400000000e-01, -3.5182180047e-02, 4.9999965819e+00
7.2500000000e-01, -5.1320060444e-02, 4.9999965819e+00
7.2600000000e-01, -4.2560783142e-02, 4.9999965819e+00
7.2700000000e-01, -2.8013679548e-02, 4.9999965819e+00
7.2800000000e-01, -3.1805531173e-02, 4.9999965819e+00
7.2900000000e-01, -4.0794920842e-02, 4.9999965819e+00
7.3000000000e-01, -5.3961350230e-02, 4.9999965819e+00
7.3100000000e-01, -5.4216474811e-02, 4.9999965819e+00
7.3200000000e-01, -4.1490260388e-02, 4.9999965819e+00
7.3300000000e-01, -2.3511481049e-02, 4.9999965819e+00
7.3400000000e-01, -2.4361896321e-02, 4.9999965819e+00
7.3500000000e-01, -3.6487817611e-02, 4.9999965819e+00
7.3600000000e-01, -4.4416689412e-02, 4.9999965819e+00
7.3700000000e-01, -3.1965609342e-02, 4.9999965819e+00
7.3800000000e-01, -2.1990738445e-02, 4.9999965819e+00
7.3900000000e-01, -1.4382022982e-02, 4.9999965819e+00
7.4000000000e-01, -2.4466947620e-02, 4.9999965819e+00
7.4100000000e-01, -4.0985013668e-02, 4.9999965819e+00
7.4200000000e-01, -4.8998926995e-02, 4.9999965819e+00
7.4300000000e-01, -3.7813464947e-02, 4.9999965819e+00
7.4400000000e-01, -2.5917656025e-02, 4.9999965819e+00
7.4500000000e-01, -3.6422785855e-02, 4.9999965819e+00
7.4600000000e-01, -4.4931941018e-02, 4.9999965819e+00
7.4700000000e-01, -5.8053348421e-02, 4.9999965819e+00
7.4800000000e-01, -4.9804320282e-02, 4.9999965819e+00
7.4900000000e-01, -3.4351774546e-02, 4.9999965819e+00
7.5000000000e-01, -1.9704622096e-02, 4.9999965819e+00
7.5100000000e-01, -2.7683518325e-02, 4.9999965819e+00
7.5200000000e-01, -4.1855438711e-02, 4.9999965819e+00
7.5300000000e-01, -3.9554315033e-02, 4.9999965819e+00
7.5400000000e-01, -3.0624954677e-02, 4.9999965819e+00
7.5500000000e-01, -1.9049302093e-02, 4.9999965819e+00
7.5600000000e-01, -1.7618603459e-02, 4.9999965819e+00
7.5700000000e-01, -2.9604456351e-02, 4.9999965819e+00
7.5800000000e-01, -4.8288580121e-02, 4.9999965819e+00
7.5900000000e-01, -4.6857881487e-02, 4.9999965819e+00
7.6000000000e-01, -3.3981593780e-02, 4.9999965819e+00
7.6100000000e-01, -2.6993181222e-02, 4.9999965819e+00
7.6200000000e-01, -3.9319200223e-02, 4.9999965819e+00
7.6300000000e-01, -4.8423646076e-02, 4.9999965819e+00
7.6400000000e-01, -5.7172918492e-02, 4.9999965819e+00
7.6500000000e-01, -4.6497705607e-02, 4.9999965819e+00
7.6600000000e-01, -3.0304798340e-02, 4.9999965819e+00
7.6700000000e-01, -2.1405452640e-02, 4.9999965819e+00
7.6800000000e-01, -3.1495379721e-02, 4.9999965819e+00
7.6900000000e-01, -4.5547241480e-02, 4.9999965819e+00
7.7000000000e-01, -3.4571882028e-02, 4.9999965819e+00
7.7100000000e-01, -2.6773073740e-02, 4.9999965819e+00
7.7200000000e-01, -1.2936317020e-02, 4.9999965819e+00
7.7300000000e-01, -1.7798691399e-02, 4.9999965819e+00
7.7400000000e-01, -3.5152165390e-02, 4.9999965819e+00
7.7500000000e-01, -4.9879356924e-02, 4.9999965819e+00
7.7600000000e-01, -4.3146068947e-02, 4.9999965819e+00
7.7700000000e-01, -2.8779053293e-02, 4.9999965819e+00
7.7800000000e-01, -3.2075663083e-02, 4.9999965819e+00
7.7900000000e-01, -4.1420226189e-02, 4.9999965819e+00
7.8000000000e-01, -5.2535654038e-02, 4.9999965819e+00
7.8100000000e-01, -5.4766743517e-02, 4.9999965819e+00
7.8200000000e-01, -4.2715858868e-02, 4.9999965819e+00
7.8300000000e-01, -2.4086761969e-02, 4.9999965819e+00
7.8400000000e-01, -2.3726586089e-02, 4.9999965819e+00
7.8500000000e-01, -3.6682912880e-02, 4.9999965819e+00
7.8600000000e-01, -4.3961467120e-02, 4.9999965819e+00
7.8700000000e-01, -3.2615926903e-02, 4.9999965819e+00
7.8800000000e-01, -2.3346400438e-02, 4.9999965819e+00
7.8900000000e-01, -1.3496590611e-02, 4.9999965819e+00
7.9000000000e-01, -2.3566507920e-02, 4.9999965819e+00
7.9100000000e-01, -4.1010025881e-02, 4.9999965819e+00
7.9200000000e-01, -4.9098975851e-02, 4.9999965819e+00
7.9300000000e-01, -4.0084573968e-02, 4.9999965819e+00
7.9400000000e-01, -2.7018193436e-02, 4.9999965819e+00
7.9500000000e-01, -3.5832497608e-02, 4.9999965819e+00
7.9600000000e-01, -4.4151559945e-02, 4.9999965819e+00
7.9700000000e-01, -5.6787730398e-02, 4.9999965819e+00
7.9800000000e-01, -5.0689752654e-02, 4.9999965819e+00
7.9900000000e-01, -3.6312732114e-02, 4.9999965819e+00
8.0000000000e-01, -2.0409966528e-02, 4.9999965819e+00
8.0100000000e-01, -2.7173269162e-02, 4.9999965819e+00
8.0200000000e-01, -4.2990993221e-02, 4.9999965819e+00
8.0300000000e-01, -4.1285160234e-02, 4.9999965819e+00
8.0400000000e-01, -3.3271246906e-02, 4.9999965819e+00
8.0500000000e-01, -2.0234881031e-02, 4.9999965819e+00
8.0600000000e-01, -1.8243908806e-02, 4.9999965819e+00
8.0700000000e-01, -2.8909116805e-02, 4.9999965819e+00
8.0800000000e-01, -4.4981965446e-02, 4.9999965819e+00
8.0900000000e-01, -4.5477207281e-02, 4.9999965819e+00
8.1000000000e-01, -3.3481349503e-02, 4.9999965819e+00
8.1100000000e-01, -2.7088227635e-02, 4.9999965819e+00
8.1200000000e-01, -3.8823958388e-02, 4.9999965819e+00
8.1300000000e-01, -4.6892898587e-02, 4.9999965819e+00
8.1400000000e-01, -5.5962327340e-02, 4.9999965819e+00
8.1500000000e-01, -4.8098487296e-02, 4.9999965819e+00
8.1600000000e-01, -2.9889595589e-02, 4.9999965819e+00
8.1700000000e-01, -2.0294910344e-02, 4.9999965819e+00
8.1800000000e-01, -2.9479395282e-02, 4.9999965819e+00
8.1900000000e-01, -4.3981476891e-02, 4.9999965819e+00
8.2000000000e-01, -3.4511852715e-02, 4.9999965819e+00
8.2100000000e-01, -2.6302844119e-02, 4.9999965819e+00
8.2200000000e-01, -1.2250982360e-02, 4.9999965819e+00
8.2300000000e-01, -1.7923752468e-02, 4.9999965819e+00
8.2400000000e-01, -3.2951090569e-02, 4.9999965819e+00
8.2500000000e-01, -5.0039435093e-02, 4.9999965819e+00
8.2600000000e-01, -4.5777353847e-02, 4.9999965819e+00
8.2700000000e-01, -3.0154725056e-02, 4.9999965819e+00
8.2800000000e-01, -3.0004651773e-02, 4.9999965819e+00
8.2900000000e-01, -3.9474275949e-02, 4.9999965819e+00
8.3000000000e-01, -5.2160470830e-02, 4.9999965819e+00
8.3100000000e-01, -5.4531628706e-02, 4.9999965819e+00
8.3200000000e-01, -4.0789918399e-02, 4.9999965819e+00
8.3300000000e-01, -2.1680586993e-02, 4.9999965819e+00
8.3400000000e-01, -2.1660577222e-02, 4.9999965819e+00
8.3500000000e-01, -3.5027104321e-02, 4.9999965819e+00
8.3600000000e-01, -4.4611784680e-02, 4.9999965819e+00
8.3700000000e-01, -3.1475369949e-02, 4.9999965819e+00
8.3800000000e-01, -2.1960723789e-02, 4.9999965819e+00
8.3900000000e-01, -1.4071871530e-02, 4.9999965819e+00
8.4000000000e-01, -2.2801134175e-02, 4.9999965819e+00
8.4100000000e-01, -3.8663880219e-02, 4.9999965819e+00
8.4200000000e-01, -4.8788824399e-02, 4.9999965819e+00
8.4300000000e-01, -3.9284183124e-02, 4.9999965819e+00
8.4400000000e-01, -2.4772096629e-02, 4.9999965819e+00
8.4500000000e-01, -3.3251237135e-02, 4.9999965819e+00
8.4600000000e-01, -4.0659854887e-02, 4.9999965819e+00
8.4700000000e-01, -5.3356054654e-02, 4.9999965819e+00
8.4800000000e-01, -4.8928892797e-02, 4.9999965819e+00
8.4900000000e-01, -3.3261242021e-02, 4.9999965819e+00
8.5000000000e-01, -1.6918261470e-02, 4.9999965819e+00
8.5100000000e-01, -2.4146791282e-02, 4.9999965819e+00
8.5200000000e-01, -3.9864466486e-02, 4.9999965819e+00
8.5300000000e-01, -4.0514784047e-02, 4.9999965819e+00
8.5400000000e-01, -2.9654480779e-02, 4.9999965819e+00
8.5500000000e-01, -1.7858720712e-02, 4.9999965819e+00
8.5600000000e-01, -1.7698642543e-02, 4.9999965819e+00
8.5700000000e-01, -2.8488911612e-02, 4.9999965819e+00
8.5800000000e-01, -4.5187065600e-02, 4.9999965819e+00
8.5900000000e-01, -4.6622766677e-02, 4.9999965819e+00
8.6000000000e-01, -3.3496356831e-02, 4.9999965819e+00
8.6100000000e-01, -2.4371901207e-02, 4.9999965819e+00
8.6200000000e-01, -3.5377275315e-02, 4.9999965819e+00
8.6300000000e-01, -4.4126547731e-02, 4.9999965819e+00
8.6400000000e-01, -5.5161936496e-02, 4.9999965819e+00
8.6500000000e-01, -4.5077011859e-02, 4.9999965819e+00
8.6600000000e-01, -2.8804065507e-02, 4.9999965819e+00
8.6700000000e-01, -1.9169360719e-02, 4.9999965819e+00
8.6800000000e-01, -2.9739522306e-02, 4.9999965819e+00
8.6900000000e-01, -4.5612273236e-02, 4.9999965819e+00
8.7000000000e-01, -3.6167661274e-02, 4.9999965819e+00
8.7100000000e-01, -2.6948159237e-02, 4.9999965819e+00
8.7200000000e-01, -1.3931803132e-02, 4.9999965819e+00
8.7300000000e-01, -1.7923752468e-02, 4.9999965819e+00
8.7400000000e-01, -3.1725492088e-02, 4.9999965819e+00
8.7500000000e-01, -4.9118985622e-02, 4.9999965819e+00
8.7600000000e-01, -4.3471227727e-02, 4.9999965819e+00
8.7700000000e-01, -2.9749527192e-02, 4.9999965819e+00
8.7800000000e-01, -2.8328833443e-02, 4.9999965819e+00
8.7900000000e-01, -3.7753435634e-02, 4.9999965819e+00
8.8000000000e-01, -5.0429625629e-02, 4.9999965819e+00
8.8100000000e-01, -5.2965864117e-02, 4.9999965819e+00
8.8200000000e-01, -4.0404730305e-02, 4.9999965819e+00
8.8300000000e-01, -2.2966214787e-02, 4.9999965819e+00
8.8400000000e-01, -2.0189859046e-02, 4.9999965819e+00
8.8500000000e-01, -3.3491354388e-02, 4.9999965819e+00
8.8600000000e-01, -4.4441701626e-02, 4.9999965819e+00
8.8700000000e-01, -3.1985619113e-02, 4.9999965819e+00
8.8800000000e-01, -2.4491959834e-02, 4.9999965819e+00
8.8900000000e-01, -1.4206937485e-02, 4.9999965819e+00
8.9000000000e-01, -2.4191813267e-02, 4.9999965819e+00
8.9100000000e-01, -3.9219151367e-02, 4.9999965819e+00
8.9200000000e-01, -4.7713299202e-02, 4.9999965819e+00
8.9300000000e-01, -3.7428276853e-02, 4.9999965819e+00
8.9400000000e-01, -2.3901671586e-02, 4.9999965819e+00
8.9500000000e-01, -3.2530885375e-02, 4.9999965819e+00
8.9600000000e-01, -4.1130084508e-02, 4.9999965819e+00
8.9700000000e-01, -5.3396074196e-02, 4.9999965819e+00
8.9800000000e-01, -4.9204027149e-02, 4.9999965819e+00
8.9900000000e-01, -3.5707436538e-02, 4.9999965819e+00
9.0000000000e-01, -1.8323947890e-02, 4.9999965819e+00
9.0100000000e-01, -2.3191324712e-02, 4.9999965819e+00
9.0200000000e-01, -3.8893992587e-02, 4.9999965819e+00
9.0300000000e-01, -3.9489283277e-02, 4.9999965819e+00
9.0400000000e-01, -2.8999160775e-02, 4.9999965819e+00
9.0500000000e-01, -1.6057841312e-02, 4.9999965819e+00
9.0600000000e-01, -1.3496590611e-02, 4.9999965819e+00
9.0700000000e-01, -2.5942668239e-02, 4.9999965819e+00
9.0800000000e-01, -4.2810905281e-02, 4.9999965819e+00
9.0900000000e-01, -4.4441701626e-02, 4.9999965819e+00
9.1000000000e-01, -3.3066146752e-02, 4.9999965819e+00
9.1100000000e-01, -2.3521485935e-02, 4.9999965819e+00
9.1200000000e-01, -3.6447798069e-02, 4.9999965819e+00
9.1300000000e-01, -4.4971960560e-02, 4.9999965819e+00
9.1400000000e-01, -5.4701711761e-02, 4.9999965819e+00
9.1500000000e-01, -4.5872400260e-02, 4.9999965819e+00
9.1600000000e-01, -3.0619952235e-02, 4.9999965819e+00
9.1700000000e-01, -1.8118847736e-02, 4.9999965819e+00
9.1800000000e-01, -2.7593474355e-02, 4.9999965819e+00
9.1900000000e-01, -4.3271130016e-02, 4.9999965819e+00
9.2000000000e-01, -3.4661925998e-02, 4.9999965819e+00
9.2100000000e-01, -2.6993181222e-02, 4.9999965819e+00
9.2200000000e-01, -1.2716209538e-02, 4.9999965819e+00
9.2300000000e-01, -1.8183879492e-02, 4.9999965819e+00
9.2400000000e-01, -3.1805531173e-02, 4.9999965819e+00
9.2500000000e-01, -4.7983431112e-02, 4.9999965819e+00
9.2600000000e-01, -4.2125570621e-02, 4.9999965819e+00
9.2700000000e-01, -2.8999160775e-02, 4.9999965819e+00
9.2800000000e-01, -2.6918144580e-02, 4.9999965819e+00
9.2900000000e-01, -3.8148628613e-02, 4.9999965819e+00
9.3000000000e-01, -4.8308589892e-02, 4.9999965819e+00
9.3100000000e-01, -5.3256005798e-02, 4.9999965819e+00
9.3200000000e-01, -4.1915468024e-02, 4.9999965819e+00
9.3300000000e-01, -2.5332370220e-02, 4.9999965819e+00
9.3400000000e-01, -2.0304915230e-02, 4.9999965819e+00
9.3500000000e-01, -3.1380323537e-02, 4.9999965819e+00
9.3600000000e-01, -4.3496239941e-02, 4.9999965819e+00
9.3700000000e-01, -3.2705970872e-02, 4.9999965819e+00
9.3800000000e-01, -2.3021241657e-02, 4.9999965819e+00
9.3900000000e-01, -1.1915818694e-02, 4.9999965819e+00
9.4000000000e-01, -2.2275877684e-02, 4.9999965819e+00
9.4100000000e-01, -3.8418760523e-02, 4.9999965819e+00
9.4200000000e-01, -4.9234041806e-02, 4.9999965819e+00
9.4300000000e-01, -4.1050045424e-02, 4.9999965819e+00
9.4400000000e-01, -2.6287836790e-02, 4.9999965819e+00
9.4500000000e-01, -3.5087133634e-02, 4.9999965819e+00
9.4600000000e-01, -4.2925961465e-02, 4.9999965819e+00
9.4700000000e-01, -5.5266987794e-02, 4.9999965819e+00
9.4800000000e-01, -5.0774794181e-02, 4.9999965819e+00
9.4900000000e-01, -3.6552849368e-02, 4.9999965819e+00
9.5000000000e-01, -1.9064309421e-02, 4.9999965819e+00
9.5100000000e-01, -2.4972194340e-02, 4.9999965819e+00
9.5200000000e-01, -3.9354217322e-02, 4.9999965819e+00
9.5300000000e-01, -4.2235624362e-02, 4.9999965819e+00
9.5400000000e-01, -3.3566391030e-02, 4.9999965819e+00
9.5500000000e-01, -2.0244885916e-02, 4.9999965819e+00
9.5600000000e-01, -1.5717675204e-02, 4.9999965819e+00
9.5700000000e-01, -2.7213288704e-02, 4.9999965819e+00
9.5800000000e-01, -4.3791384065e-02, 4.9999965819e+00
9.5900000000e-01, -4.7193045153e-02, 4.9999965819e+00
9.6000000000e-01, -3.5692429210e-02, 4.9999965819e+00
9.6100000000e-01, -2.4712067316e-02, 4.9999965819e+00
9.6200000000e-01, -3.6252702801e-02, 4.9999965819e+00
9.6300000000e-01, -4.5337138883e-02, 4.9999965819e+00
9.6400000000e-01, -5.6632654672e-02, 4.9999965819e+00
9.6500000000e-01, -4.8478672947e-02, 4.9999965819e+00
9.6600000000e-01, -3.2926078355e-02, 4.9999965819e+00
9.6700000000e-01, -2.1005257218e-02, 4.9999965819e+00
9.6800000000e-01, -2.7958652678e-02, 4.9999965819e+00
9.6900000000e-01, -4.2650827112e-02, 4.9999965819e+00
9.7000000000e-01, -3.5597382797e-02, 4.9999965819e+00
9.7100000000e-01, -2.7313337559e-02, 4.9999965819e+00
9.7200000000e-01, -1.4652154892e-02, 4.9999965819e+00
9.7300000000e-01, -1.7403498419e-02, 4.9999965819e+00
9.7400000000e-01, -2.9939620017e-02, 4.9999965819e+00
9.7500000000e-01, -4.8728795085e-02, 4.9999965819e+00
9.7600000000e-01, -4.5157050943e-02, 4.9999965819e+00
9.7700000000e-01, -2.9924612689e-02, 4.9999965819e+00
9.7800000000e-01, -2.9459385511e-02, 4.9999965819e+00
9.7900000000e-01, -4.0369713206e-02, 4.9999965819e+00
9.8000000000e-01, -5.0164496162e-02, 4.9999965819e+00
9.8100000000e-01, -5.4936826571e-02, 4.9999965819e+00
9.8200000000e-01, -4.1430231075e-02, 4.9999965819e+00
9.8300000000e-01, -2.3736590974e-02, 4.9999965819e+00
9.8400000000e-01, -2.3311383338e-02, 4.9999965819e+00
9.8500000000e-01, -3.1720489646e-02, 4.9999965819e+00
9.8600000000e-01, -4.3386186200e-02, 4.9999965819e+00
9.8700000000e-01, -3.3356288433e-02, 4.9999965819e+00
9.8800000000e-01, -2.5027221211e-02, 4.9999965819e+00
9.8900000000e-01, -1.3666673665e-02, 4.9999965819e+00
9.9000000000e-01, -2.2450963181e-02, 4.9999965819e+00
9.9100000000e-01, -3.6667905551e-02, 4.9999965819e+00
9.9200000000e-01, -4.9013934324e-02, 4.9999965819e+00
9.9300000000e-01, -4.1775399626e-02, 4.9999965819e+00
9.9400000000e-01, -2.6833103053e-02, 4.9999965819e+00
9.9500000000e-01, -3.3351285991e-02, 4.9999965819e+00
9.9600000000e-01, -4.0854950155e-02, 4.9999965819e+00
9.9700000000e-01, -5.5231970695e-02, 4.9999965819e+00
9.9800000000e-01, -5.2605688237e-02, 4.9999965819e+00
9.9900000000e-01, -3.8738916861e-02, 4.9999965819e+00
1.0000000000e+00, -2.1905696918e-02, 4.9999965819e+00
1.0010000000e+00, -2.5217314036e-02, 4.9999965819e+00
1.0020000000e+00, -3.9194139154e-02, 4.9999965819e+00
1.0030000000e+00, -4.1730377641e-02, 4.9999965819e+00
1.0040000000e+00, -3.0144720171e-02, 4.9999965819e+00
1.0050000000e+00, -1.7903742697e-02, 4.9999965819e+00
1.0060000000e+00, -1.4211939928e-02, 4.9999965819e+00
1.0070000000e+00, -2.5157284723e-02, 4.9999965819e+00
1.0080000000e+00, -4.3016005435e-02, 4.9999965819e+00
1.0090000000e+00, -4.8228550808e-02, 4.9999965819e+00
1.0100000000e+00, -3.6857998377e-02, 4.9999965819e+00
1.0110000000e+00, -2.5492448389e-02, 4.9999965819e+00
1.0120000000e+00, -3.8373738538e-02, 4.9999965819e+00
1.0130000000e+00, -4.6437676294e-02, 4.9999965819e+00
1.0140000000e+00, -5.7177920935e-02, 4.9999965819e+00
1.0150000000e+00, -4.7753318744e-02, 4.9999965819e+00
1.0160000000e+00, -3.1080176970e-02, 4.9999965819e+00
1.0170000000e+00, -1.8514040716e-02, 4.9999965819e+00
1.0180000000e+00, -2.7468413286e-02, 4.9999965819e+00
1.0190000000e+00, -4.3536259484e-02, 4.9999965819e+00
1.0200000000e+00, -3.5967563563e-02, 4.9999965819e+00
1.0210000000e+00, -2.7753552524e-02, 4.9999965819e+00
1.0220000000e+00, -1.4742198862e-02, 4.9999965819e+00
1.0230000000e+00, -1.8123850179e-02, 4.9999965819e+00
1.0240000000e+00, -3.1695477432e-02, 4.9999965819e+00
1.0250000000e+00, -4.9329088219e-02, 4.9999965819e+00
1.0260000000e+00, -4.4456708954e-02, 4.9999965819e+00
1.0270000000e+00, -3.1870562929e-02, 4.9999965819e+00
1.0280000000e+00, -2.8403870085e-02, 4.9999965819e+00
1.0290000000e+00, -3.8488794722e-02, 4.9999965819e+00
1.0300000000e+00, -5.0774794181e-02, 4.9999965819e+00
1.0310000000e+00, -5.5842268714e-02, 4.9999965819e+00
1.0320000000e+00, -4.3911442692e-02, 4.9999965819e+00
1.0330000000e+00, -2.5542472817e-02, 4.9999965819e+00
1.0340000000e+00, -2.1150328059e-02, 4.9999965819e+00
1.0350000000e+00, -3.3206215150e-02, 4.9999965819e+00
1.0360000000e+00, -4.5122033844e-02, 4.9999965819e+00
1.0370000000e+00, -3.2360802321e-02, 4.9999965819e+00
1.0380000000e+00, -2.5317362892e-02, 4.9999965819e+00
1.0390000000e+00, -1.4181925271e-02, 4.9999965819e+00
1.0400000000e+00, -2.0960235233e-02, 4.9999965819e+00
1.0410000000e+00, -3.6657900666e-02, 4.9999965819e+00
1.0420000000e+00, -4.8443655847e-02, 4.9999965819e+00
1.0430000000e+00, -3.9509293048e-02, 4.9999965819e+00
1.0440000000e+00, -2.4571998918e-02, 4.9999965819e+00
1.0450000000e+00, -3.1450357736e-02, 4.9999965819e+00
1.0460000000e+00, -4.1295165120e-02, 4.9999965819e+00
1.0470000000e+00, -5.3926333130e-02, 4.9999965819e+00
1.0480000000e+00, -5.3536142594e-02, 4.9999965819e+00
1.0490000000e+00, -4.0139600838e-02, 4.9999965819e+00
