% Moku:Go Data Logger
% Input 1, DC coupling, 10 Vpp range
% Input 2, DC coupling, 10 Vpp range
% Acquisition rate: 1.0000000000e+03 Hz, Precision mode
% Output 1 - Sine, 10.000 000 000 000 MHz, 1.000 0 Vpp, offset 0.000 0 V, phase 0.000 000 deg
% Output 2 - Ramp, 50.000 000 000 kHz, 500.0 mVpp, offset 0.000 0 V, phase 0.000 000 deg, symmetry 90.00 %
% Acquired 1970-01-28 T 06:15:40 +1000
% Time (s), Input 1 (V), Input 2 (V)
0.0000000000e+00, -2.7778564738e-02, 4.9999965819e+00
1.0000000000e-03, -3.9429253964e-02, 4.9999965819e+00
2.0000000000e-03, -4.7673279660e-02, 4.9999965819e+00
3.0000000000e-03, -5.6777725513e-02, 4.9999965819e+00
4.0000000000e-03, -4.7618252789e-02, 4.9999965819e+00
5.0000000000e-03, -3.2480860948e-02, 4.9999965819e+00
6.0000000000e-03, -2.2726097533e-02, 4.9999965819e+00
7.0000000000e-03, -2.9244280471e-02, 4.9999965819e+00
8.0000000000e-03, -3.9514295491e-02, 4.9999965819e+00
9.0000000000e-03, -2.9474392839e-02, 4.9999965819e+00
1.0000000000e-02, -2.1295398899e-02, 4.9999965819e+00
1.1000000000e-02, -7.3836055381e-03, 4.9999965819e+00
1.2000000000e-02, -1.5477557950e-02, 4.9999965819e+00
1.3000000000e-02, -2.6858115267e-02, 4.9999965819e+00
1.4000000000e-02, -4.2300656118e-02, 4.9999965819e+00
1.5000000000e-02, -3.8623860677e-02, 4.9999965819e+00
1.6000000000e-02, -3.0494891165e-02, 4.9999965819e+00
1.7000000000e-02, -3.3676444771e-02, 4.9999965819e+00
1.8000000000e-02, -4.3546264369e-02, 4.9999965819e+00
1.9000000000e-02, -5.5477090391e-02, 4.9999965819e+00
2.0000000000e-02, -5.6307495892e-02, 4.9999965819e+00
2.1000000000e-02, -4.4286625900e-02, 4.9999965819e+00
2.2000000000e-02, -2.6968169008e-02, 4.9999965819e+00
2.3000000000e-02, -2.5922658468e-02, 4.9999965819e+00
2.4000000000e-02, -3.5102140962e-02, 4.9999965819e+00
2.5000000000e-02, -3.9629351675e-02, 4.9999965819e+00
2.6000000000e-02, -2.8503918940e-02, 4.9999965819e+00
2.7000000000e-02, -1.8203889264e-02, 4.9999965819e+00
2.8000000000e-02, -9.3795802059e-03, 4.9999965819e+00
2.9000000000e-02, -2.0585052025e-02, 4.9999965819e+00
3.0000000000e-02, -3.4917050580e-02, 4.9999965819e+00
3.1000000000e-02, -4.3176083604e-02, 4.9999965819e+00
3.2000000000e-02, -3.4857021266e-02, 4.9999965819e+00
3.3000000000e-02, -2.5852624269e-02, 4.9999965819e+00
3.4000000000e-02, -3.5952556234e-02, 4.9999965819e+00
3.5000000000e-02, -4.2235624362e-02, 4.9999965819e+00
3.6000000000e-02, -5.5997344440e-02, 4.9999965819e+00
3.7000000000e-02, -5.0824818609e-02, 4.9999965819e+00
3.8000000000e-02, -3.7513318381e-02, 4.9999965819e+00
3.9000000000e-02, -2.2726097533e-02, 4.9999965819e+00
4.0000000000e-02, -2.7738545195e-02, 4.9999965819e+00
4.1000000000e-02, -3.8688892433e-02, 4.9999965819e+00
4.2000000000e-02, -3.4706947983e-02, 4.9999965819e+00
4.3000000000e-02, -2.5812604727e-02, 4.9999965819e+00
4.4000000000e-02, -1.2781241294e-02, 4.9999965819e+00
4.5000000000e-02, -1.1455593958e-02, 4.9999965819e+00
4.6000000000e-02, -2.3891666700e-02, 4.9999965819e+00
4.7000000000e-02, -3.9774422516e-02, 4.9999965819e+00
4.8000000000e-02, -3.9839454272e-02, 4.9999965819e+00
4.9000000000e-02, -3.1800528730e-02, 4.9999965819e+00
5.0000000000e-02, -2.8889107034e-02, 4.9999965819e+00
5.1000000000e-02, -3.9499288163e-02, 4.9999965819e+00
5.2000000000e-02, -4.8553709588e-02, 4.9999965819e+00
5.3000000000e-02, -5.8288463231e-02, 4.9999965819e+00
5.4000000000e-02, -4.8273572793e-02, 4.9999965819e+00
5.5000000000e-02, -3.2175711938e-02, 4.9999965819e+00
5.6000000000e-02, -2.4617020903e-02, 4.9999965819e+00
5.7000000000e-02, -3.1155213612e-02, 4.9999965819e+00
5.8000000000e-02, -4.1140089394e-02, 4.9999965819e+00
5.9000000000e-02, -3.1620440790e-02, 4.9999965819e+00
6.0000000000e-02, -2.2766117076e-02, 4.9999965819e+00
6.1000000000e-02, -1.2070894420e-02, 4.9999965819e+00
6.2000000000e-02, -1.7308452007e-02, 4.9999965819e+00
6.3000000000e-02, -3.0429859409e-02, 4.9999965819e+00
6.4000000000e-02, -4.3796386508e-02, 4.9999965819e+00
6.5000000000e-02, -3.7788452733e-02, 4.9999965819e+00
6.6000000000e-02, -2.9599453908e-02, 4.9999965819e+00
6.7000000000e-02, -3.4146674392e-02, 4.9999965819e+00
6.8000000000e-02, -4.1375204204e-02, 4.9999965819e+00
6.9000000000e-02, -5.3796269618e-02, 4.9999965819e+00
7.0000000000e-02, -5.4216474811e-02, 4.9999965819e+00
7.1000000000e-02, -4.2820910166e-02, 4.9999965819e+00
7.2000000000e-02, -2.7503430385e-02, 4.9999965819e+00
7.3000000000e-02, -2.6187787935e-02, 4.9999965819e+00
7.4000000000e-02, -3.5232204475e-02, 4.9999965819e+00
7.5000000000e-02, -3.9904486028e-02, 4.9999965819e+00
7.6000000000e-02, -3.0334812996e-02, 4.9999965819e+00
7.7000000000e-02, -1.9154353391e-02, 4.9999965819e+00
7.8000000000e-02, -9.8648171552e-03, 4.9999965819e+00
7.9000000000e-02, -2.0715115537e-02, 4.9999965819e+00
8.0000000000e-02, -3.8228667698e-02, 4.9999965819e+00
8.1000000000e-02, -4.3926450020e-02, 4.9999965819e+00
8.2000000000e-02, -3.6938037461e-02, 4.9999965819e+00
8.3000000000e-02, -2.7398379087e-02, 4.9999965819e+00
8.4000000000e-02, -3.6832986163e-02, 4.9999965819e+00
8.5000000000e-02, -4.5332136440e-02, 4.9999965819e+00
8.6000000000e-02, -5.7353006432e-02, 4.9999965819e+00
8.7000000000e-02, -5.0759786853e-02, 4.9999965819e+00
8.8000000000e-02, -3.6302727229e-02, 4.9999965819e+00
8.9000000000e-02, -2.3796620288e-02, 4.9999965819e+00
9.0000000000e-02, -2.7628491454e-02, 4.9999965819e+00
9.1000000000e-02, -3.8788941289e-02, 4.9999965819e+00
9.2000000000e-02, -3.5507338827e-02, 4.9999965819e+00
9.3000000000e-02, -2.7528442599e-02, 4.9999965819e+00
9.4000000000e-02, -1.3161426945e-02, 4.9999965819e+00
9.5000000000e-02, -1.3696688322e-02, 4.9999965819e+00
9.6000000000e-02, -2.6387885646e-02, 4.9999965819e+00
9.7000000000e-02, -4.3711344981e-02, 4.9999965819e+00
9.8000000000e-02, -4.2915956579e-02, 4.9999965819e+00
9.9000000000e-02, -3.3001114996e-02, 4.9999965819e+00
1.0000000000e-01, -2.8774050850e-02, 4.9999965819e+00
1.0100000000e-01, -3.9524300377e-02, 4.9999965819e+00
1.0200000000e-01, -4.9729283641e-02, 4.9999965819e+00
1.0300000000e-01, -5.7192928263e-02, 4.9999965819e+00
1.0400000000e-01, -4.5747339191e-02, 4.9999965819e+00
1.0500000000e-01, -2.9874588261e-02, 4.9999965819e+00
1.0600000000e-01, -2.3606527462e-02, 4.9999965819e+00
1.0700000000e-01, -3.0464876509e-02, 4.9999965819e+00
1.0800000000e-01, -4.1440235960e-02, 4.9999965819e+00
1.0900000000e-01, -3.1025150100e-02, 4.9999965819e+00
1.1000000000e-01, -2.5307358006e-02, 4.9999965819e+00
1.1100000000e-01, -1.3391539313e-02, 4.9999965819e+00
1.1200000000e-01, -1.9724631868e-02, 4.9999965819e+00
1.1300000000e-01, -3.2630934231e-02, 4.9999965819e+00
1.1400000000e-01, -4.4866909262e-02, 4.9999965819e+00
1.1500000000e-01, -3.8118613957e-02, 4.9999965819e+00
1.1600000000e-01, -2.7733542753e-02, 4.9999965819e+00
1.1700000000e-01, -3.2826029499e-02, 4.9999965819e+00
1.1800000000e-01, -4.3181086046e-02, 4.9999965819e+00
1.1900000000e-01, -5.5096904740e-02, 4.9999965819e+00
1.2000000000e-01, -5.5597149018e-02, 4.9999965819e+00
1.2100000000e-01, -4.2430719630e-02, 4.9999965819e+00
1.2200000000e-01, -2.3531490820e-02, 4.9999965819e+00
1.2300000000e-01, -2.4151793725e-02, 4.9999965819e+00
1.2400000000e-01, -3.5757460966e-02, 4.9999965819e+00
1.2500000000e-01, -3.6582864024e-02, 4.9999965819e+00
1.2600000000e-01, -2.7628491454e-02, 4.9999965819e+00
1.2700000000e-01, -1.6768188187e-02, 4.9999965819e+00
1.2800000000e-01, -1.1420576859e-02, 4.9999965819e+00
1.2900000000e-01, -2.2285882569e-02, 4.9999965819e+00
1.3000000000e-01, -3.6017587991e-02, 4.9999965819e+00
1.3100000000e-01, -4.3101046962e-02, 4.9999965819e+00
1.3200000000e-01, -3.6622883566e-02, 4.9999965819e+00
1.3300000000e-01, -2.5542472817e-02, 4.9999965819e+00
1.3400000000e-01, -3.6697920208e-02, 4.9999965819e+00
1.3500000000e-01, -4.5672302549e-02, 4.9999965819e+00
1.3600000000e-01, -5.8203421704e-02, 4.9999965819e+00
1.3700000000e-01, -5.0314569446e-02, 4.9999965819e+00
1.3800000000e-01, -3.6027592876e-02, 4.9999965819e+00
1.3900000000e-01, -2.1035271875e-02, 4.9999965819e+00
1.4000000000e-01, -2.7463410843e-02, 4.9999965819e+00
1.4100000000e-01, -3.7283206013e-02, 4.9999965819e+00
1.4200000000e-01, -3.2110680182e-02, 4.9999965819e+00
1.4300000000e-01, -2.4862140599e-02, 4.9999965819e+00
1.4400000000e-01, -1.1705716097e-02, 4.9999965819e+00
1.4500000000e-01, -1.3871773819e-02, 4.9999965819e+00
1.4600000000e-01, -2.7578467027e-02, 4.9999965819e+00
1.4700000000e-01, -4.4376669870e-02, 4.9999965819e+00
1.4800000000e-01, -4.3381183757e-02, 4.9999965819e+00
1.4900000000e-01, -3.1515389492e-02, 4.9999965819e+00
1.5000000000e-01, -2.8739033751e-02, 4.9999965819e+00
1.5100000000e-01, -3.9504290606e-02, 4.9999965819e+00
1.5200000000e-01, -4.7728306530e-02, 4.9999965819e+00
1.5300000000e-01, -5.3781262290e-02, 4.9999965819e+00
1.5400000000e-01, -4.3000998106e-02, 4.9999965819e+00
1.5500000000e-01, -2.7098232520e-02, 4.9999965819e+00
1.5600000000e-01, -2.2195838599e-02, 4.9999965819e+00
1.5700000000e-01, -3.0609947349e-02, 4.9999965819e+00
1.5800000000e-01, -3.9399239307e-02, 4.9999965819e+00
1.5900000000e-01, -3.0424856966e-02, 4.9999965819e+00
1.6000000000e-01, -2.3466459064e-02, 4.9999965819e+00
1.6100000000e-01, -1.4251959470e-02, 4.9999965819e+00
1.6200000000e-01, -2.2485980280e-02, 4.9999965819e+00
1.6300000000e-01, -3.5112145848e-02, 4.9999965819e+00
1.6400000000e-01, -4.5292116898e-02, 4.9999965819e+00
1.6500000000e-01, -3.8969029229e-02, 4.9999965819e+00
1.6600000000e-01, -2.9369341541e-02, 4.9999965819e+00
1.6700000000e-01, -3.2610924460e-02, 4.9999965819e+00
1.6800000000e-01, -3.8863977930e-02, 4.9999965819e+00
1.6900000000e-01, -5.3266010684e-02, 4.9999965819e+00
1.7000000000e-01, -5.2470622282e-02, 4.9999965819e+00
1.7100000000e-01, -3.8878985259e-02, 4.9999965819e+00
1.7200000000e-01, -2.2125804400e-02, 4.9999965819e+00
1.7300000000e-01, -2.4752086858e-02, 4.9999965819e+00
1.7400000000e-01, -3.6317734557e-02, 4.9999965819e+00
1.7500000000e-01, -3.8068589529e-02, 4.9999965819e+00
1.7600000000e-01, -2.8188765045e-02, 4.9999965819e+00
1.7700000000e-01, -1.7048324982e-02, 4.9999965819e+00
1.7800000000e-01, -1.3236463587e-02, 4.9999965819e+00
1.7900000000e-01, -2.3871656929e-02, 4.9999965819e+00
1.8000000000e-01, -3.8063587086e-02, 4.9999965819e+00
1.8100000000e-01, -4.4386674756e-02, 4.9999965819e+00
1.8200000000e-01, -3.5852507379e-02, 4.9999965819e+00
1.8300000000e-01, -2.7048208092e-02, 4.9999965819e+00
1.8400000000e-01, -3.6132644174e-02, 4.9999965819e+00
1.8500000000e-01, -4.3161076275e-02, 4.9999965819e+00
1.8600000000e-01, -5.6487583832e-02, 4.9999965819e+00
1.8700000000e-01, -4.8633748673e-02, 4.9999965819e+00
1.8800000000e-01, -3.4271735462e-02, 4.9999965819e+00
1.8900000000e-01, -2.1985736003e-02, 4.9999965819e+00
1.9000000000e-01, -2.7413386415e-02, 4.9999965819e+00
1.9100000000e-01, -3.9209146482e-02, 4.9999965819e+00
1.9200000000e-01, -3.2781007514e-02, 4.9999965819e+00
1.9300000000e-01, -2.4376903650e-02, 4.9999965819e+00
1.9400000000e-01, -1.1165452277e-02, 4.9999965819e+00
1.9500000000e-01, -1.4146908172e-02, 4.9999965819e+00
1.9600000000e-01, -2.6743059083e-02, 4.9999965819e+00
1.9700000000e-01, -4.2650827112e-02, 4.9999965819e+00
1.9800000000e-01, -4.1100069851e-02, 4.9999965819e+00
1.9900000000e-01, -3.0995135443e-02, 4.9999965819e+00
2.0000000000e-01, -3.0319805668e-02, 4.9999965819e+00
2.0100000000e-01, -3.9839454272e-02, 4.9999965819e+00
2.0200000000e-01, -4.9489166388e-02, 4.9999965819e+00
2.0300000000e-01, -5.5657178331e-02, 4.9999965819e+00
2.0400000000e-01, -4.4521740710e-02, 4.9999965819e+00
2.0500000000e-01, -2.8323831000e-02, 4.9999965819e+00
2.0600000000e-01, -2.2901183031e-02, 4.9999965819e+00
2.0700000000e-01, -3.0439864295e-02, 4.9999965819e+00
2.0800000000e-01, -4.1050045424e-02, 4.9999965819e+00
2.0900000000e-01, -3.0099698186e-02, 4.9999965819e+00
2.1000000000e-01, -2.1900694475e-02, 4.9999965819e+00
2.1100000000e-01, -1.0209985707e-02, 4.9999965819e+00
2.1200000000e-01, -1.8644104228e-02, 4.9999965819e+00
2.1300000000e-01, -3.3356288433e-02, 4.9999965819e+00
2.1400000000e-01, -4.5272107127e-02, 4.9999965819e+00
2.1500000000e-01, -3.7008071660e-02, 4.9999965819e+00
2.1600000000e-01, -2.7273318017e-02, 4.9999965819e+00
2.1700000000e-01, -3.3546381259e-02, 4.9999965819e+00
2.1800000000e-01, -3.9759415187e-02, 4.9999965819e+00
2.1900000000e-01, -5.3616181678e-02, 4.9999965819e+00
2.2000000000e-01, -5.2885825033e-02, 4.9999965819e+00
2.2100000000e-01, -4.2245629247e-02, 4.9999965819e+00
2.2200000000e-01, -2.3451451736e-02, 4.9999965819e+00
2.2300000000e-01, -2.4206820595e-02, 4.9999965819e+00
2.2400000000e-01, -3.5527348598e-02, 4.9999965819e+00
2.2500000000e-01, -3.7388257311e-02, 4.9999965819e+00
2.2600000000e-01, -2.8223782145e-02, 4.9999965819e+00
2.2700000000e-01, -1.5917772915e-02, 4.9999965819e+00
2.2800000000e-01, -1.0335046776e-02, 4.9999965819e+00
2.2900000000e-01, -2.2155819057e-02, 4.9999965819e+00
2.3000000000e-01, -3.9304192895e-02, 4.9999965819e+00
2.3100000000e-01, -4.2285648789e-02, 4.9999965819e+00
2.3200000000e-01, -3.3881544925e-02, 4.9999965819e+00
2.3300000000e-01, -2.6562971143e-02, 4.9999965819e+00
2.3400000000e-01, -3.7858486932e-02, 4.9999965819e+00
2.3500000000e-01, -4.4986967889e-02, 4.9999965819e+00
2.3600000000e-01, -5.8133387505e-02, 4.9999965819e+00
2.3700000000e-01, -4.8813836613e-02, 4.9999965819e+00
2.3800000000e-01, -3.4786987067e-02, 4.9999965819e+00
2.3900000000e-01, -2.1400450198e-02, 4.9999965819e+00
2.4000000000e-01, -2.7183274047e-02, 4.9999965819e+00
2.4100000000e-01, -3.9249166024e-02, 4.9999965819e+00
2.4200000000e-01, -3.1910582471e-02, 4.9999965819e+00
2.4300000000e-01, -2.4837128385e-02, 4.9999965819e+00
2.4400000000e-01, -1.1425579301e-02, 4.9999965819e+00
2.4500000000e-01, -1.4847250161e-02, 4.9999965819e+00
2.4600000000e-01, -2.7758554967e-02, 4.9999965819e+00
2.4700000000e-01, -4.3046020091e-02, 4.9999965819e+00
2.4800000000e-01, -3.9729400531e-02, 4.9999965819e+00
2.4900000000e-01, -3.0504896051e-02, 4.9999965819e+00
2.5000000000e-01, -2.9849576047e-02, 4.9999965819e+00
2.5100000000e-01, -3.9929498242e-02, 4.9999965819e+00
2.5200000000e-01, -5.1340070215e-02, 4.9999965819e+00
2.5300000000e-01, -5.5737217415e-02, 4.9999965819e+00
2.5400000000e-01, -4.3066029863e-02, 4.9999965819e+00
2.5500000000e-01, -2.6953161680e-02, 4.9999965819e+00
2.5600000000e-01, -2.2881173260e-02, 4.9999965819e+00
2.5700000000e-01, -3.2635936674e-02, 4.9999965819e+00
2.5800000000e-01, -4.0244652137e-02, 4.9999965819e+00
2.5900000000e-01, -3.1060167199e-02, 4.9999965819e+00
2.6000000000e-01, -2.4446937849e-02, 4.9999965819e+00
2.6100000000e-01, -1.1980850450e-02, 4.9999965819e+00
2.6200000000e-01, -2.0169849275e-02, 4.9999965819e+00
2.6300000000e-01, -3.5057118977e-02, 4.9999965819e+00
2.6400000000e-01, -4.5397168196e-02, 4.9999965819e+00
2.6500000000e-01, -3.7728423420e-02, 4.9999965819e+00
2.6600000000e-01, -2.5477441061e-02, 4.9999965819e+00
2.6700000000e-01, -3.2791012400e-02, 4.9999965819e+00
2.6800000000e-01, -3.9789429844e-02, 4.9999965819e+00
2.6900000000e-01, -5.3756250076e-02, 4.9999965819e+00
2.7000000000e-01, -5.3306030226e-02, 4.9999965819e+00
2.7100000000e-01, -4.1750387412e-02, 4.9999965819e+00
2.7200000000e-01, -2.5572487473e-02, 4.9999965819e+00
2.7300000000e-01, -2.8754041079e-02, 4.9999965819e+00
2.7400000000e-01, -4.0754901300e-02, 4.9999965819e+00
2.7500000000e-01, -4.0704876872e-02, 4.9999965819e+00
2.7600000000e-01, -3.0599942464e-02, 4.9999965819e+00
2.7700000000e-01, -1.7118359181e-02, 4.9999965819e+00
2.7800000000e-01, -1.4517088937e-02, 4.9999965819e+00
2.7900000000e-01, -2.5087250524e-02, 4.9999965819e+00
2.8000000000e-01, -3.9224153810e-02, 4.9999965819e+00
2.8100000000e-01, -4.1285160234e-02, 4.9999965819e+00
2.8200000000e-01, -3.2485863390e-02, 4.9999965819e+00
2.8300000000e-01, -2.6597988242e-02, 4.9999965819e+00
2.8400000000e-01, -3.9064075641e-02, 4.9999965819e+00
2.8500000000e-01, -4.6187554155e-02, 4.9999965819e+00
2.8600000000e-01, -5.5747222301e-02, 4.9999965819e+00
2.8700000000e-01, -4.8203538594e-02, 4.9999965819e+00
2.8800000000e-01, -3.6267710129e-02, 4.9999965819e+00
2.8900000000e-01, -2.4296864565e-02, 4.9999965819e+00
2.9000000000e-01, -3.1825540944e-02, 4.9999965819e+00
2.9100000000e-01, -4.2220617033e-02, 4.9999965819e+00
2.9200000000e-01, -3.3356288433e-02, 4.9999965819e+00
2.9300000000e-01, -2.7338349773e-02, 4.9999965819e+00
2.9400000000e-01, -1.3226458701e-02, 4.9999965819e+00
2.9500000000e-01, -1.7938759796e-02, 4.9999965819e+00
2.9600000000e-01, -2.8809067950e-02, 4.9999965819e+00
2.9700000000e-01, -4.2345678103e-02, 4.9999965819e+00
2.9800000000e-01, -3.8228667698e-02, 4.9999965819e+00
2.9900000000e-01, -2.7168266719e-02, 4.9999965819e+00
3.0000000000e-01, -2.9184251158e-02, 4.9999965819e+00
3.0100000000e-01, -3.9129107397e-02, 4.9999965819e+00
3.0200000000e-01, -5.0634725783e-02, 4.9999965819e+00
3.0300000000e-01, -5.4116425956e-02, 4.9999965819e+00
3.0400000000e-01, -4.2865932151e-02, 4.9999965819e+00
3.0500000000e-01, -2.9214265815e-02, 4.9999965819e+00
3.0600000000e-01, -2.5997695109e-02, 4.9999965819e+00
3.0700000000e-01, -3.3576395916e-02, 4.9999965819e+00
3.0800000000e-01, -4.0799923285e-02, 4.9999965819e+00
3.0900000000e-01, -3.1905580028e-02, 4.9999965819e+00
3.1000000000e-01, -2.2686077991e-02, 4.9999965819e+00
3.1100000000e-01, -1.1795760067e-02, 4.9999965819e+00
3.1200000000e-01, -2.1285394014e-02, 4.9999965819e+00
3.1300000000e-01, -3.6412780970e-02, 4.9999965819e+00
3.1400000000e-01, -4.5907417360e-02, 4.9999965819e+00
3.1500000000e-01, -3.7618369679e-02, 4.9999965819e+00
3.1600000000e-01, -2.5942668239e-02, 4.9999965819e+00
3.1700000000e-01, -3.2941085683e-02, 4.9999965819e+00
3.1800000000e-01, -4.0104583739e-02, 4.9999965819e+00
3.1900000000e-01, -5.6162425051e-02, 4.9999965819e+00
3.2000000000e-01, -5.3831286717e-02, 4.9999965819e+00
3.2100000000e-01, -4.1230133364e-02, 4.9999965819e+00
3.2200000000e-01, -2.5907651139e-02, 4.9999965819e+00
3.2300000000e-01, -2.9364339098e-02, 4.9999965819e+00
3.2400000000e-01, -4.1185111379e-02, 4.9999965819e+00
3.2500000000e-01, -3.9209146482e-02, 4.9999965819e+00
3.2600000000e-01, -3.0314803225e-02, 4.9999965819e+00
3.2700000000e-01, -1.8388979646e-02, 4.9999965819e+00
3.2800000000e-01, -1.3291490457e-02, 4.9999965819e+00
3.2900000000e-01, -2.4186810824e-02, 4.9999965819e+00
3.3000000000e-01, -4.0259659465e-02, 4.9999965819e+00
3.3100000000e-01, -4.2980988335e-02, 4.9999965819e+00
3.3200000000e-01, -3.3281251792e-02, 4.9999965819e+00
3.3300000000e-01, -2.5042228539e-02, 4.9999965819e+00
3.3400000000e-01, -3.6752947079e-02, 4.9999965819e+00
3.3500000000e-01, -4.5417177967e-02, 4.9999965819e+00
3.3600000000e-01, -5.9148883389e-02, 4.9999965819e+00
3.3700000000e-01, -4.8808834170e-02, 4.9999965819e+00
3.3800000000e-01, -3.4676933326e-02, 4.9999965819e+00
3.3900000000e-01, -2.5077245638e-02, 4.9999965819e+00
3.4000000000e-01, -3.2776005071e-02, 4.9999965819e+00
3.4100000000e-01, -4.4696826208e-02, 4.9999965819e+00
3.4200000000e-01, -3.4691940655e-02, 4.9999965819e+00
3.4300000000e-01, -2.7098232520e-02, 4.9999965819e+00
3.4400000000e-01, -1.4497079166e-02, 4.9999965819e+00
3.4500000000e-01, -1.6863234599e-02, 4.9999965819e+00
3.4600000000e-01, -2.8253796801e-02, 4.9999965819e+00
3.4700000000e-01, -4.4581770024e-02, 4.9999965819e+00
3.4800000000e-01, -4.0864955041e-02, 4.9999965819e+00
3.4900000000e-01, -2.9504407496e-02, 4.9999965819e+00
3.5000000000e-01, -3.0795037732e-02, 4.9999965819e+00
3.5100000000e-01, -4.0799923285e-02, 4.9999965819e+00
3.5200000000e-01, -5.1054930977e-02, 4.9999965819e+00
3.5300000000e-01, -5.4631677562e-02, 4.9999965819e+00
3.5400000000e-01, -4.2735868639e-02, 4.9999965819e+00
3.5500000000e-01, -2.8103723518e-02, 4.9999965819e+00
3.5600000000e-01, -2.5552477702e-02, 4.9999965819e+00
3.5700000000e-01, -3.3766488741e-02, 4.9999965819e+00
3.5800000000e-01, -4.2195604819e-02, 4.9999965819e+00
3.5900000000e-01, -3.2075663083e-02, 4.9999965819e+00
3.6000000000e-01, -2.2536004708e-02, 4.9999965819e+00
3.6100000000e-01, -1.2451080071e-02, 4.9999965819e+00
3.6200000000e-01, -2.2225853256e-02, 4.9999965819e+00
3.6300000000e-01, -3.5182180047e-02, 4.9999965819e+00
3.6400000000e-01, -4.3281134902e-02, 4.9999965819e+00
3.6500000000e-01, -3.5472321728e-02, 4.9999965819e+00
3.6600000000e-01, -2.6612995571e-02, 4.9999965819e+00
3.6700000000e-01, -3.4016610880e-02, 4.9999965819e+00
3.6800000000e-01, -4.2725863754e-02, 4.9999965819e+00
3.6900000000e-01, -5.5872283370e-02, 4.9999965819e+00
3.7000000000e-01, -5.0454637843e-02, 4.9999965819e+00
3.7100000000e-01, -3.8378740981e-02, 4.9999965819e+00
3.7200000000e-01, -2.3371412652e-02, 4.9999965819e+00
3.7300000000e-01, -2.8438887184e-02, 4.9999965819e+00
3.7400000000e-01, -3.9994529998e-02, 4.9999965819e+00
3.7500000000e-01, -3.7778447848e-02, 4.9999965819e+00
3.7600000000e-01, -2.8679004437e-02, 4.9999965819e+00
3.7700000000e-01, -1.5977802228e-02, 4.9999965819e+00
3.7800000000e-01, -1.2691197324e-02, 4.9999965819e+00
3.7900000000e-01, -2.4657040445e-02, 4.9999965819e+00
3.8000000000e-01, -4.0354705878e-02, 4.9999965819e+00
3.8100000000e-01, -4.1555292144e-02, 4.9999965819e+00
3.8200000000e-01, -3.2410826749e-02, 4.9999965819e+00
3.8300000000e-01, -2.5337372663e-02, 4.9999965819e+00
3.8400000000e-01, -3.6297724786e-02, 4.9999965819e+00
3.8500000000e-01, -4.6537725149e-02, 4.9999965819e+00
3.8600000000e-01, -5.7668160327e-02, 4.9999965819e+00
3.8700000000e-01, -4.8218545922e-02, 4.9999965819e+00
3.8800000000e-01, -3.3376298205e-02, 4.9999965819e+00
3.8900000000e-01, -2.3471461507e-02, 4.9999965819e+00
3.9000000000e-01, -3.1130201398e-02, 4.9999965819e+00
3.9100000000e-01, -4.2895946808e-02, 4.9999965819e+00
3.9200000000e-01, -3.2625931788e-02, 4.9999965819e+00
3.9300000000e-01, -2.6547963815e-02, 4.9999965819e+00
3.9400000000e-01, -1.2351031215e-02, 4.9999965819e+00
3.9500000000e-01, -1.6423019635e-02, 4.9999965819e+00
3.9600000000e-01, -2.9804554062e-02, 4.9999965819e+00
3.9700000000e-01, -4.2505756272e-02, 4.9999965819e+00
3.9800000000e-01, -3.8358731210e-02, 4.9999965819e+00
3.9900000000e-01, -2.8328833443e-02, 4.9999965819e+00
4.0000000000e-01, -2.9794549177e-02, 4.9999965819e+00
4.0100000000e-01, -3.9019053656e-02, 4.9999965819e+00
4.0200000000e-01, -5.1164984718e-02, 4.9999965819e+00
4.0300000000e-01, -5.4201467483e-02, 4.9999965819e+00
4.0400000000e-01, -4.1660343442e-02, 4.9999965819e+00
4.0500000000e-01, -2.5917656025e-02, 4.9999965819e+00
4.0600000000e-01, -2.4982199226e-02, 4.9999965819e+00
4.0700000000e-01, -3.5332253330e-02, 4.9999965819e+00
4.0800000000e-01, -4.1240138249e-02, 4.9999965819e+00
4.0900000000e-01, -2.9869585818e-02, 4.9999965819e+00
4.1000000000e-01, -2.1280391571e-02, 4.9999965819e+00
4.1100000000e-01, -1.2531119155e-02, 4.9999965819e+00
4.1200000000e-01, -2.2140811729e-02, 4.9999965819e+00
4.1300000000e-01, -3.5537353484e-02, 4.9999965819e+00
4.1400000000e-01, -4.2640822227e-02, 4.9999965819e+00
4.1500000000e-01, -3.5757460966e-02, 4.9999965819e+00
4.1600000000e-01, -2.6347866104e-02, 4.9999965819e+00
4.1700000000e-01, -3.3416317747e-02, 4.9999965819e+00
4.1800000000e-01, -4.1760392298e-02, 4.9999965819e+00
4.1900000000e-01, -5.4041389314e-02, 4.9999965819e+00
4.2000000000e-01, -5.0589703798e-02, 4.9999965819e+00
4.2100000000e-01, -3.7898506474e-02, 4.9999965819e+00
4.2200000000e-01, -2.3726586089e-02, 4.9999965819e+00
4.2300000000e-01, -2.8598965353e-02, 4.9999965819e+00
4.2400000000e-01, -3.9464271063e-02, 4.9999965819e+00
4.2500000000e-01, -3.7193162043e-02, 4.9999965819e+00
4.2600000000e-01, -2.8403870085e-02, 4.9999965819e+00
4.2700000000e-01, -1.4261964356e-02, 4.9999965819e+00
4.2800000000e-01, -1.3346517328e-02, 4.9999965819e+00
4.2900000000e-01, -2.5067240753e-02, 4.9999965819e+00
4.3000000000e-01, -4.0094578853e-02, 4.9999965819e+00
4.3100000000e-01, -3.9439258850e-02, 4.9999965819e+00
4.3200000000e-01, -3.0369830096e-02, 4.9999965819e+00
4.3300000000e-01, -2.5747572970e-02, 4.9999965819e+00
4.3400000000e-01, -3.7553337923e-02, 4.9999965819e+00
4.3500000000e-01, -4.5277109570e-02, 4.9999965819e+00
4.3600000000e-01, -5.4806763059e-02, 4.9999965819e+00
4.3700000000e-01, -4.6402659194e-02, 4.9999965819e+00
4.3800000000e-01, -3.2510875604e-02, 4.9999965819e+00
4.3900000000e-01, -2.5057235867e-02, 4.9999965819e+00
4.4000000000e-01, -3.2340792550e-02, 4.9999965819e+00
4.4100000000e-01, -4.3396191086e-02, 4.9999965819e+00
4.4200000000e-01, -3.3651432557e-02, 4.9999965819e+00
4.4300000000e-01, -2.5962678010e-02, 4.9999965819e+00
4.4400000000e-01, -1.1735730754e-02, 4.9999965819e+00
4.4500000000e-01, -1.7108354295e-02, 4.9999965819e+00
4.4600000000e-01, -3.0149722614e-02, 4.9999965819e+00
4.4700000000e-01, -4.2890944365e-02, 4.9999965819e+00
4.4800000000e-01, -3.7043088760e-02, 4.9999965819e+00
4.4900000000e-01, -2.6482932059e-02, 4.9999965819e+00
4.5000000000e-01, -3.0404847195e-02, 4.9999965819e+00
4.5100000000e-01, -3.8853973045e-02, 4.9999965819e+00
4.5200000000e-01, -4.9799317840e-02, 4.9999965819e+00
4.5300000000e-01, -5.3606176793e-02, 4.9999965819e+00
4.5400000000e-01, -4.2425717187e-02, 4.9999965819e+00
4.5500000000e-01, -2.7003186107e-02, 4.9999965819e+00
4.5600000000e-01, -2.6367875875e-02, 4.9999965819e+00
4.5700000000e-01, -3.5207192261e-02, 4.9999965819e+00
4.5800000000e-01, -4.0519786489e-02, 4.9999965819e+00
4.5900000000e-01, -2.9619463679e-02, 4.9999965819e+00
4.6000000000e-01, -1.9269409575e-02, 4.9999965819e+00
4.6100000000e-01, -9.7897805135e-03, 4.9999965819e+00
4.6200000000e-01, -2.0359942100e-02, 4.9999965819e+00
4.6300000000e-01, -3.4806996839e-02, 4.9999965819e+00
4.6400000000e-01, -4.2700851540e-02, 4.9999965819e+00
4.6500000000e-01, -3.4521857600e-02, 4.9999965819e+00
4.6600000000e-01, -2.5452428847e-02, 4.9999965819e+00
4.6700000000e-01, -3.4827006610e-02, 4.9999965819e+00
4.6800000000e-01, -4.2035526651e-02, 4.9999965819e+00
4.6900000000e-01, -5.4246489468e-02, 4.9999965819e+00
4.7000000000e-01, -4.9999415551e-02, 4.9999965819e+00
4.7100000000e-01, -3.8183645713e-02, 4.9999965819e+00
4.7200000000e-01, -2.3786615402e-02, 4.9999965819e+00
4.7300000000e-01, -2.8163752831e-02, 4.9999965819e+00
4.7400000000e-01, -3.8633865563e-02, 4.9999965819e+00
4.7500000000e-01, -3.7393259754e-02, 4.9999965819e+00
4.7600000000e-01, -2.7738545195e-02, 4.9999965819e+00
4.7700000000e-01, -1.3351519770e-02, 4.9999965819e+00
4.7800000000e-01, -1.2781241294e-02, 4.9999965819e+00
4.7900000000e-01, -2.4076757083e-02, 4.9999965819e+00
4.8000000000e-01, -4.1085062523e-02, 4.9999965819e+00
4.8100000000e-01, -4.0234647251e-02, 4.9999965819e+00
4.8200000000e-01, -2.9554431923e-02, 4.9999965819e+00
4.8300000000e-01, -2.6828100610e-02, 4.9999965819e+00
4.8400000000e-01, -3.9244163581e-02, 4.9999965819e+00
4.8500000000e-01, -4.8423646076e-02, 4.9999965819e+00
4.8600000000e-01, -5.7007837881e-02, 4.9999965819e+00
4.8700000000e-01, -4.6677793547e-02, 4.9999965819e+00
4.8800000000e-01, -3.2510875604e-02, 4.9999965819e+00
4.8900000000e-01, -2.5712555871e-02, 4.9999965819e+00
4.9000000000e-01, -3.3441329961e-02, 4.9999965819e+00
4.9100000000e-01, -4.3801388951e-02, 4.9999965819e+00
4.9200000000e-01, -3.4341769660e-02, 4.9999965819e+00
4.9300000000e-01, -2.7038203207e-02, 4.9999965819e+00
4.9400000000e-01, -1.4026849545e-02, 4.9999965819e+00
4.9500000000e-01, -1.7218408037e-02, 4.9999965819e+00
4.9600000000e-01, -3.0459874066e-02, 4.9999965819e+00
4.9700000000e-01, -4.4076523303e-02, 4.9999965819e+00
4.9800000000e-01, -3.8443772737e-02, 4.9999965819e+00
4.9900000000e-01, -2.8443889627e-02, 4.9999965819e+00
5.0000000000e-01, -3.1960606899e-02, 4.9999965819e+00
5.0100000000e-01, -3.9364222208e-02, 4.9999965819e+00
5.0200000000e-01, -5.1720255866e-02, 4.9999965819e+00
5.0300000000e-01, -5.3721232976e-02, 4.9999965819e+00
5.0400000000e-01, -4.3476230170e-02, 4.9999965819e+00
5.0500000000e-01, -2.8273806573e-02, 4.9999965819e+00
5.0600000000e-01, -2.8178760160e-02, 4.9999965819e+00
5.0700000000e-01, -3.8964026786e-02, 4.9999965819e+00
5.0800000000e-01, -4.2395702530e-02, 4.9999965819e+00
5.0900000000e-01, -3.1425345522e-02, 4.9999965819e+00
5.1000000000e-01, -2.0730122866e-02, 4.9999965819e+00
5.1100000000e-01, -1.3081387860e-02, 4.9999965819e+00
5.1200000000e-01, -2.0955232791e-02, 4.9999965819e+00
5.1300000000e-01, -3.6442795626e-02, 4.9999965819e+00
5.1400000000e-01, -4.4636796894e-02, 4.9999965819e+00
5.1500000000e-01, -3.4091647522e-02, 4.9999965819e+00
5.1600000000e-01, -2.5032223653e-02, 4.9999965819e+00
5.1700000000e-01, -3.4456825844e-02, 4.9999965819e+00
5.1800000000e-01, -4.2670836883e-02, 4.9999965819e+00
5.1900000000e-01, -5.5136924282e-02, 4.9999965819e+00
5.2000000000e-01, -4.9474159059e-02, 4.9999965819e+00
5.2100000000e-01, -3.6402776084e-02, 4.9999965819e+00
5.2200000000e-01, -2.4822121057e-02, 4.9999965819e+00
5.2300000000e-01, -3.0389839867e-02, 4.9999965819e+00
5.2400000000e-01, -4.1375204204e-02, 4.9999965819e+00
5.2500000000e-01, -3.5167172719e-02, 4.9999965819e+00
5.2600000000e-01, -2.8138740618e-02, 4.9999965819e+00
5.2700000000e-01, -1.3711695650e-02, 4.9999965819e+00
5.2800000000e-01, -1.2936317020e-02, 4.9999965819e+00
5.2900000000e-01, -2.5407406862e-02, 4.9999965819e+00
5.3000000000e-01, -4.1200118707e-02, 4.9999965819e+00
5.3100000000e-01, -4.0609830459e-02, 4.9999965819e+00
5.3200000000e-01, -3.2680958659e-02, 4.9999965819e+00
5.3300000000e-01, -2.9134226730e-02, 4.9999965819e+00
5.3400000000e-01, -3.9324202666e-02, 4.9999965819e+00
5.3500000000e-01, -4.9569205472e-02, 4.9999965819e+00
5.3600000000e-01, -5.5046880312e-02, 4.9999965819e+00
5.3700000000e-01, -4.4781867735e-02, 4.9999965819e+00
5.3800000000e-01, -3.0564925364e-02, 4.9999965819e+00
5.3900000000e-01, -2.3441446850e-02, 4.9999965819e+00
5.4000000000e-01, -3.1720489646e-02, 4.9999965819e+00
5.4100000000e-01, -4.2180597491e-02, 4.9999965819e+00
5.4200000000e-01, -3.3396307976e-02, 4.9999965819e+00
5.4300000000e-01, -2.5257333578e-02, 4.9999965819e+00
5.4400000000e-01, -1.1380557316e-02, 4.9999965819e+00
5.4500000000e-01, -1.8338955218e-02, 4.9999965819e+00
5.4600000000e-01, -3.1470367507e-02, 4.9999965819e+00
5.4700000000e-01, -4.3076034748e-02, 4.9999965819e+00
5.4800000000e-01, -3.7303215784e-02, 4.9999965819e+00
5.4900000000e-01, -2.8168755274e-02, 4.9999965819e+00
5.5000000000e-01, -3.0709996205e-02, 4.9999965819e+00
5.5100000000e-01, -3.8919004801e-02, 4.9999965819e+00
5.5200000000e-01, -5.2540656481e-02, 4.9999965819e+00
5.5300000000e-01, -5.4616670233e-02, 4.9999965819e+00
5.5400000000e-01, -4.2405707416e-02, 4.9999965819e+00
5.5500000000e-01, -2.4937177241e-02, 4.9999965819e+00
5.5600000000e-01, -2.7318340002e-02, 4.9999965819e+00
5.5700000000e-01, -3.9059073199e-02, 4.9999965819e+00
5.5800000000e-01, -4.1005023439e-02, 4.9999965819e+00
5.5900000000e-01, -2.9579444137e-02, 4.9999965819e+00
5.6000000000e-01, -2.0780147293e-02, 4.9999965819e+00
5.6100000000e-01, -1.3796737177e-02, 4.9999965819e+00
5.6200000000e-01, -2.3781612959e-02, 4.9999965819e+00
5.6300000000e-01, -3.8478789837e-02, 4.9999965819e+00
5.6400000000e-01, -4.3806391393e-02, 4.9999965819e+00
5.6500000000e-01, -3.6662903109e-02, 4.9999965819e+00
5.6600000000e-01, -2.6087739079e-02, 4.9999965819e+00
5.6700000000e-01, -3.6022590433e-02, 4.9999965819e+00
5.6800000000e-01, -4.2575790470e-02, 4.9999965819e+00
5.6900000000e-01, -5.4576650691e-02, 4.9999965819e+00
5.7000000000e-01, -4.8603734016e-02, 4.9999965819e+00
5.7100000000e-01, -3.5277226460e-02, 4.9999965819e+00
5.7200000000e-01, -2.2365921654e-02, 4.9999965819e+00
5.7300000000e-01, -2.9809556505e-02, 4.9999965819e+00
5.7400000000e-01, -4.1945482681e-02, 4.9999965819e+00
5.7500000000e-01, -3.7363245097e-02, 4.9999965819e+00
5.7600000000e-01, -3.0504896051e-02, 4.9999965819e+00
5.7700000000e-01, -1.5507572607e-02, 4.9999965819e+00
5.7800000000e-01, -1.6428022078e-02, 4.9999965819e+00
5.7900000000e-01, -2.7773562295e-02, 4.9999965819e+00
5.8000000000e-01, -4.5897412474e-02, 4.9999965819e+00
5.8100000000e-01, -4.2345678103e-02, 4.9999965819e+00
5.8200000000e-01, -3.1595428576e-02, 4.9999965819e+00
5.8300000000e-01, -2.7743547638e-02, 4.9999965819e+00
5.8400000000e-01, -3.7393259754e-02, 4.9999965819e+00
5.8500000000e-01, -4.7313103780e-02, 4.9999965819e+00
5.8600000000e-01, -5.2265522128e-02, 4.9999965819e+00
5.8700000000e-01, -4.1135086951e-02, 4.9999965819e+00
5.8800000000e-01, -2.6532956486e-02, 4.9999965819e+00
5.8900000000e-01, -2.2325902111e-02, 4.9999965819e+00
5.9000000000e-01, -3.0945111015e-02, 4.9999965819e+00
5.9100000000e-01, -4.1200118707e-02, 4.9999965819e+00
5.9200000000e-01, -3.3931569353e-02, 4.9999965819e+00
5.9300000000e-01, -2.5847621826e-02, 4.9999965819e+00
5.9400000000e-01, -1.3301495343e-02, 4.9999965819e+00
5.9500000000e-01, -2.1310406228e-02, 4.9999965819e+00
5.9600000000e-01, -3.4561877143e-02, 4.9999965819e+00
5.9700000000e-01, -4.4776865292e-02, 4.9999965819e+00
5.9800000000e-01, -3.8688892433e-02, 4.9999965819e+00
5.9900000000e-01, -2.6187787935e-02, 4.9999965819e+00
6.0000000000e-01, -2.9209263372e-02, 4.9999965819e+00
6.0100000000e-01, -3.6547846925e-02, 4.9999965819e+00
6.0200000000e-01, -4.9764300740e-02, 4.9999965819e+00
6.0300000000e-01, -5.1265033573e-02, 4.9999965819e+00
6.0400000000e-01, -3.9659366332e-02, 4.9999965819e+00
6.0500000000e-01, -2.3891666700e-02, 4.9999965819e+00
6.0600000000e-01, -2.7838594051e-02, 4.9999965819e+00
6.0700000000e-01, -3.6792966621e-02, 4.9999965819e+00
6.0800000000e-01, -3.9339209994e-02, 4.9999965819e+00
6.0900000000e-01, -2.9214265815e-02, 4.9999965819e+00
6.1000000000e-01, -1.8193884378e-02, 4.9999965819e+00
6.1100000000e-01, -1.2926312134e-02, 4.9999965819e+00
6.1200000000e-01, -2.2751109747e-02, 4.9999965819e+00
6.1300000000e-01, -3.6913025247e-02, 4.9999965819e+00
6.1400000000e-01, -4.2675839326e-02, 4.9999965819e+00
6.1500000000e-01, -3.4416806302e-02, 4.9999965819e+00
6.1600000000e-01, -2.5422414190e-02, 4.9999965819e+00
6.1700000000e-01, -3.5392282643e-02, 4.9999965819e+00
6.1800000000e-01, -4.2835917495e-02, 4.9999965819e+00
6.1900000000e-01, -5.5312009779e-02, 4.9999965819e+00
6.2000000000e-01, -4.7278086680e-02, 4.9999965819e+00
6.2100000000e-01, -3.3371295762e-02, 4.9999965819e+00
6.2200000000e-01, -2.2250865470e-02, 4.9999965819e+00
6.2300000000e-01, -2.8098721075e-02, 4.9999965819e+00
6.2400000000e-01, -4.1295165120e-02, 4.9999965819e+00
6.2500000000e-01, -3.4962072565e-02, 4.9999965819e+00
6.2600000000e-01, -2.6628002899e-02, 4.9999965819e+00
6.2700000000e-01, -1.2491099613e-02, 4.9999965819e+00
6.2800000000e-01, -1.4567113365e-02, 4.9999965819e+00
6.2900000000e-01, -2.6247817248e-02, 4.9999965819e+00
6.3000000000e-01, -4.2365687874e-02, 4.9999965819e+00
6.3100000000e-01, -4.0134598396e-02, 4.9999965819e+00
6.3200000000e-01, -2.9484397724e-02, 4.9999965819e+00
6.3300000000e-01, -2.8333835886e-02, 4.9999965819e+00
6.3400000000e-01, -3.7763440519e-02, 4.9999965819e+00
6.3500000000e-01, -4.8633748673e-02, 4.9999965819e+00
6.3600000000e-01, -5.4156445498e-02, 4.9999965819e+00
6.3700000000e-01, -4.3146068947e-02, 4.9999965819e+00
6.3800000000e-01, -2.7433396186e-02, 4.9999965819e+00
6.3900000000e-01, -2.2626048678e-02, 4.9999965819e+00
6.4000000000e-01, -3.1870562929e-02, 4.9999965819e+00
6.4100000000e-01, -4.2290651232e-02, 4.9999965819e+00
6.4200000000e-01, -3.1870562929e-02, 4.9999965819e+00
6.4300000000e-01, -2.2791129290e-02, 4.9999965819e+00
6.4400000000e-01, -1.2165940832e-02, 4.9999965819e+00
6.4500000000e-01, -1.9979756449e-02, 4.9999965819e+00
6.4600000000e-01, -3.4196698820e-02, 4.9999965819e+00
6.4700000000e-01, -4.4126547731e-02, 4.9999965819e+00
6.4800000000e-01, -3.6587866467e-02, 4.9999965819e+00
6.4900000000e-01, -2.6057724423e-02, 4.9999965819e+00
6.5000000000e-01, -3.1135203841e-02, 4.9999965819e+00
6.5100000000e-01, -3.8178643270e-02, 4.9999965819e+00
6.5200000000e-01, -5.1445121513e-02, 4.9999965819e+00
6.5300000000e-01, -5.0519669599e-02, 4.9999965819e+00
6.5400000000e-01, -3.8513806936e-02, 4.9999965819e+00
6.5500000000e-01, -2.2781124404e-02, 4.9999965819e+00
6.5600000000e-01, -2.5767582742e-02, 4.9999965819e+00
6.5700000000e-01, -3.7303215784e-02, 4.9999965819e+00
6.5800000000e-01, -4.0259659465e-02, 4.9999965819e+00
6.5900000000e-01, -2.8859092377e-02, 4.9999965819e+00
6.6000000000e-01, -1.6653132003e-02, 4.9999965819e+00
6.6100000000e-01, -1.1910816251e-02, 4.9999965819e+00
6.6200000000e-01, -2.3421437079e-02, 4.9999965819e+00
6.6300000000e-01, -3.9869468928e-02, 4.9999965819e+00
6.6400000000e-01, -4.3511247270e-02, 4.9999965819e+00
6.6500000000e-01, -3.6492820054e-02, 4.9999965819e+00
6.6600000000e-01, -2.7763557409e-02, 4.9999965819e+00
6.6700000000e-01, -3.7663391664e-02, 4.9999965819e+00
6.6800000000e-01, -4.3701340095e-02, 4.9999965819e+00
6.6900000000e-01, -5.4801760616e-02, 4.9999965819e+00
6.7000000000e-01, -4.8403636305e-02, 4.9999965819e+00
6.7100000000e-01, -3.3976591338e-02, 4.9999965819e+00
6.7200000000e-01, -2.3861652044e-02, 4.9999965819e+00
6.7300000000e-01, -2.9939620017e-02, 4.9999965819e+00
6.7400000000e-01, -4.2285648789e-02, 4.9999965819e+00
6.7500000000e-01, -3.6022590433e-02, 4.9999965819e+00
6.7600000000e-01, -2.7353357102e-02, 4.9999965819e+00
6.7700000000e-01, -1.2361036101e-02, 4.9999965819e+00
6.7800000000e-01, -1.4487074281e-02, 4.9999965819e+00
6.7900000000e-01, -2.7028198321e-02, 4.9999965819e+00
6.8000000000e-01, -4.3036015206e-02, 4.9999965819e+00
6.8100000000e-01, -3.9094090298e-02, 4.9999965819e+00
6.8200000000e-01, -2.8769048407e-02, 4.9999965819e+00
6.8300000000e-01, -2.7863606265e-02, 4.9999965819e+00
6.8400000000e-01, -3.6928032576e-02, 4.9999965819e+00
6.8500000000e-01, -4.8858858598e-02, 4.9999965819e+00
6.8600000000e-01, -5.3451101066e-02, 4.9999965819e+00
6.8700000000e-01, -4.3446215514e-02, 4.9999965819e+00
6.8800000000e-01, -2.9164241387e-02, 4.9999965819e+00
6.8900000000e-01, -2.4882150370e-02, 4.9999965819e+00
6.9000000000e-01, -3.3321271334e-02, 4.9999965819e+00
6.9100000000e-01, -4.2115565735e-02, 4.9999965819e+00
6.9200000000e-01, -3.1985619113e-02, 4.9999965819e+00
6.9300000000e-01, -2.5187299379e-02, 4.9999965819e+00
6.9400000000e-01, -1.2921309692e-02, 4.9999965819e+00
6.9500000000e-01, -2.1125315845e-02, 4.9999965819e+00
6.9600000000e-01, -3.6507827383e-02, 4.9999965819e+00
6.9700000000e-01, -4.6517715378e-02, 4.9999965819e+00
6.9800000000e-01, -3.8398750752e-02, 4.9999965819e+00
6.9900000000e-01, -2.5797597398e-02, 4.9999965819e+00
7.0000000000e-01, -3.1580421248e-02, 4.9999965819e+00
7.0100000000e-01, -4.1265150463e-02, 4.9999965819e+00
7.0200000000e-01, -5.3411081524e-02, 4.9999965819e+00
7.0300000000e-01, -5.0449635401e-02, 4.9999965819e+00
7.0400000000e-01, -3.8083596857e-02, 4.9999965819e+00
7.0500000000e-01, -2.1700596764e-02, 4.9999965819e+00
7.0600000000e-01, -2.6908139695e-02, 4.9999965819e+00
7.0700000000e-01, -3.8188648155e-02, 4.9999965819e+00
7.0800000000e-01, -4.0209635037e-02, 4.9999965819e+00
7.0900000000e-01, -3.0094695743e-02, 4.9999965819e+00
7.1000000000e-01, -1.9314431560e-02, 4.9999965819e+00
7.1100000000e-01, -1.3781729849e-02, 4.9999965819e+00
7.1200000000e-01, -2.4121779068e-02, 4.9999965819e+00
7.1300000000e-01, -4.0194627709e-02, 4.9999965819e+00
7.1400000000e-01, -4.3486235056e-02, 4.9999965819e+00
7.1500000000e-01, -3.5322248445e-02, 4.9999965819e+00
7.1600000000e-01, -2.5132272509e-02, 4.9999965819e+00
7.1700000000e-01, -3.7043088760e-02, 4.9999965819e+00
7.1800000000e-01, -4.4541750482e-02, 4.9999965819e+00
7.1900000000e-01, -5.5246978023e-02, 4.9999965819e+00
7.2000000000e-01, -4.6957930343e-02, 4.9999965819e+00
7.2100000000e-01, -3.3086156523e-02, 4.9999965819e+00
7.2200000000e-01, -2.3181319826e-02, 4.9999965819e+00
7.2300000000e-01, -3.1045159871e-02, 4.9999965819e+00
7.2400000000e-01, -4.0694871986e-02, 4.9999965819e+00
7.2500000000e-01, -3.5717441424e-02, 4.9999965819e+00
7.2600000000e-01, -2.7418388858e-02, 4.9999965819e+00
7.2700000000e-01, -1.4517088937e-02, 4.9999965819e+00
7.2800000000e-01, -1.7153376280e-02, 4.9999965819e+00
7.2900000000e-01, -2.8553943368e-02, 4.9999965819e+00
7.3000000000e-01, -4.3051022534e-02, 4.9999965819e+00
7.3100000000e-01, -3.9329205109e-02, 4.9999965819e+00
7.3200000000e-01, -2.9039180317e-02, 4.9999965819e+00
7.3300000000e-01, -2.8518926269e-02, 4.9999965819e+00
7.3400000000e-01, -3.7693406321e-02, 4.9999965819e+00
7.3500000000e-01, -4.8433650962e-02, 4.9999965819e+00
7.3600000000e-01, -5.4831775273e-02, 4.9999965819e+00
7.3700000000e-01, -4.2675839326e-02, 4.9999965819e+00
7.3800000000e-01, -2.7423391301e-02, 4.9999965819e+00
7.3900000000e-01, -2.5807602284e-02, 4.9999965819e+00
7.4000000000e-01, -3.4306752561e-02, 4.9999965819e+00
7.4100000000e-01, -4.2350680545e-02, 4.9999965819e+00
7.4200000000e-01, -3.3421320190e-02, 4.9999965819e+00
7.4300000000e-01, -2.4672047773e-02, 4.9999965819e+00
7.4400000000e-01, -1.3071382975e-02, 4.9999965819e+00
7.4500000000e-01, -2.1700596764e-02, 4.9999965819e+00
7.4600000000e-01, -3.4411803859e-02, 4.9999965819e+00
7.4700000000e-01, -4.3256122688e-02, 4.9999965819e+00
7.4800000000e-01, -3.6237695473e-02, 4.9999965819e+00
7.4900000000e-01, -2.5567485030e-02, 4.9999965819e+00
7.5000000000e-01, -3.2180714381e-02, 4.9999965819e+00
7.5100000000e-01, -3.7773445405e-02, 4.9999965819e+00
7.5200000000e-01, -5.3180969157e-02, 4.9999965819e+00
7.5300000000e-01, -5.1440119070e-02, 4.9999965819e+00
7.5400000000e-01, -3.8643870448e-02, 4.9999965819e+00
7.5500000000e-01, -2.4071754640e-02, 4.9999965819e+00
7.5600000000e-01, -2.8303821229e-02, 4.9999965819e+00
7.5700000000e-01, -3.9204144039e-02, 4.9999965819e+00
7.5800000000e-01, -3.9789429844e-02, 4.9999965819e+00
7.5900000000e-01, -3.0514900936e-02, 4.9999965819e+00
7.6000000000e-01, -1.7888735369e-02, 4.9999965819e+00
7.6100000000e-01, -1.5202423598e-02, 4.9999965819e+00
7.6200000000e-01, -2.4652038002e-02, 4.9999965819e+00
7.6300000000e-01, -3.8668882662e-02, 4.9999965819e+00
7.6400000000e-01, -4.0960001454e-02, 4.9999965819e+00
7.6500000000e-01, -3.3916562024e-02, 4.9999965819e+00
7.6600000000e-01, -2.6247817248e-02, 4.9999965819e+00
7.6700000000e-01, -3.6562854253e-02, 4.9999965819e+00
7.6800000000e-01, -4.4361662542e-02, 4.9999965819e+00
7.6900000000e-01, -5.4256494353e-02, 4.9999965819e+00
7.7000000000e-01, -4.6542727592e-02, 4.9999965819e+00
7.7100000000e-01, -3.1770514073e-02, 4.9999965819e+00
7.7200000000e-01, -2.2846156160e-02, 4.9999965819e+00
7.7300000000e-01, -3.0354822768e-02, 4.9999965819e+00
7.7400000000e-01, -4.1905463138e-02, 4.9999965819e+00
7.7500000000e-01, -3.4066635308e-02, 4.9999965819e+00
7.7600000000e-01, -2.6998183665e-02, 4.9999965819e+00
7.7700000000e-01, -1.3416551526e-02, 4.9999965819e+00
7.7800000000e-01, -1.7618603459e-02, 4.9999965819e+00
7.7900000000e-01, -2.9759532077e-02, 4.9999965819e+00
7.8000000000e-01, -4.4061515975e-02, 4.9999965819e+00
7.8100000000e-01, -3.8663880219e-02, 4.9999965819e+00
7.8200000000e-01, -2.9524417267e-02, 4.9999965819e+00
7.8300000000e-01, -3.0795037732e-02, 4.9999965819e+00
7.8400000000e-01, -3.8233670140e-02, 4.9999965819e+00
7.8500000000e-01, -5.0154491277e-02, 4.9999965819e+00
7.8600000000e-01, -5.4356543209e-02, 4.9999965819e+00
7.8700000000e-01, -4.0459757176e-02, 4.9999965819e+00
7.8800000000e-01, -2.5822609612e-02, 4.9999965819e+00
7.8900000000e-01, -2.3586517691e-02, 4.9999965819e+00
7.9000000000e-01, -3.3631422786e-02, 4.9999965819e+00
7.9100000000e-01, -4.2405707416e-02, 4.9999965819e+00
7.9200000000e-01, -3.0564925364e-02, 4.9999965819e+00
7.9300000000e-01, -2.2851158603e-02, 4.9999965819e+00
7.9400000000e-01, -1.3556619924e-02, 4.9999965819e+00
7.9500000000e-01, -2.2891178145e-02, 4.9999965819e+00
7.9600000000e-01, -3.7248188914e-02, 4.9999965819e+00
7.9700000000e-01, -4.6772839960e-02, 4.9999965819e+00
7.9800000000e-01, -3.8964026786e-02, 4.9999965819e+00
7.9900000000e-01, -2.7498427942e-02, 4.9999965819e+00
8.0000000000e-01, -3.3821515612e-02, 4.9999965819e+00
8.0100000000e-01, -4.0334696107e-02, 4.9999965819e+00
8.0200000000e-01, -5.4396562751e-02, 4.9999965819e+00
8.0300000000e-01, -5.0034432650e-02, 4.9999965819e+00
8.0400000000e-01, -3.7043088760e-02, 4.9999965819e+00
8.0500000000e-01, -2.1730611421e-02, 4.9999965819e+00
8.0600000000e-01, -2.5212311593e-02, 4.9999965819e+00
8.0700000000e-01, -3.6587866467e-02, 4.9999965819e+00
8.0800000000e-01, -3.6903020362e-02, 4.9999965819e+00
8.0900000000e-01, -2.8328833443e-02, 4.9999965819e+00
8.1000000000e-01, -1.5997811999e-02, 4.9999965819e+00
8.1100000000e-01, -1.3541612596e-02, 4.9999965819e+00
8.1200000000e-01, -2.5652526558e-02, 4.9999965819e+00
8.1300000000e-01, -4.1755389855e-02, 4.9999965819e+00
8.1400000000e-01, -4.4326645442e-02, 4.9999965819e+00
8.1500000000e-01, -3.5332253330e-02, 4.9999965819e+00
8.1600000000e-01, -2.8213777259e-02, 4.9999965819e+00
8.1700000000e-01, -3.9299190452e-02, 4.9999965819e+00
8.1800000000e-01, -4.7253074466e-02, 4.9999965819e+00
8.1900000000e-01, -5.5201956038e-02, 4.9999965819e+00
8.2000000000e-01, -4.3671325438e-02, 4.9999965819e+00
8.2100000000e-01, -2.9139229173e-02, 4.9999965819e+00
8.2200000000e-01, -2.1175340273e-02, 4.9999965819e+00
8.2300000000e-01, -2.9839571162e-02, 4.9999965819e+00
8.2400000000e-01, -4.0629840230e-02, 4.9999965819e+00
8.2500000000e-01, -3.1760509188e-02, 4.9999965819e+00
8.2600000000e-01, -2.7778564738e-02, 4.9999965819e+00
8.2700000000e-01, -1.2741221752e-02, 4.9999965819e+00
8.2800000000e-01, -1.6943273684e-02, 4.9999965819e+00
8.2900000000e-01, -3.0099698186e-02, 4.9999965819e+00
8.3000000000e-01, -4.4691823765e-02, 4.9999965819e+00
8.3100000000e-01, -3.9429253964e-02, 4.9999965819e+00
8.3200000000e-01, -3.0820049946e-02, 4.9999965819e+00
8.3300000000e-01, -2.9784544291e-02, 4.9999965819e+00
8.3400000000e-01, -3.7578350137e-02, 4.9999965819e+00
8.3500000000e-01, -4.8848853712e-02, 4.9999965819e+00
8.3600000000e-01, -5.3866303817e-02, 4.9999965819e+00
8.3700000000e-01, -4.0559806032e-02, 4.9999965819e+00
8.3800000000e-01, -2.4321876779e-02, 4.9999965819e+00
8.3900000000e-01, -2.2936200130e-02, 4.9999965819e+00
8.4000000000e-01, -3.3486351946e-02, 4.9999965819e+00
8.4100000000e-01, -4.0719884200e-02, 4.9999965819e+00
8.4200000000e-01, -2.9349331769e-02, 4.9999965819e+00
8.4300000000e-01, -2.1415457526e-02, 4.9999965819e+00
8.4400000000e-01, -1.1575652585e-02, 4.9999965819e+00
8.4500000000e-01, -2.1700596764e-02, 4.9999965819e+00
8.4600000000e-01, -3.6672907994e-02, 4.9999965819e+00
8.4700000000e-01, -4.6397656752e-02, 4.9999965819e+00
8.4800000000e-01, -3.9039063427e-02, 4.9999965819e+00
8.4900000000e-01, -2.7513435271e-02, 4.9999965819e+00
8.5000000000e-01, -3.5192184932e-02, 4.9999965819e+00
8.5100000000e-01, -4.4876914148e-02, 4.9999965819e+00
8.5200000000e-01, -5.6547613145e-02, 4.9999965819e+00
8.5300000000e-01, -5.0859835708e-02, 4.9999965819e+00
8.5400000000e-01, -3.6262707687e-02, 4.9999965819e+00
8.5500000000e-01, -1.9484514614e-02, 4.9999965819e+00
8.5600000000e-01, -2.6577978471e-02, 4.9999965819e+00
8.5700000000e-01, -3.7888501589e-02, 4.9999965819e+00
8.5800000000e-01, -3.4046625537e-02, 4.9999965819e+00
8.5900000000e-01, -2.6372878317e-02, 4.9999965819e+00
8.6000000000e-01, -1.3121407403e-02, 4.9999965819e+00
8.6100000000e-01, -1.2040879763e-02, 4.9999965819e+00
8.6200000000e-01, -2.4647035560e-02, 4.9999965819e+00
8.6300000000e-01, -4.1935477795e-02, 4.9999965819e+00
8.6400000000e-01, -4.3081037191e-02, 4.9999965819e+00
8.6500000000e-01, -3.3996601109e-02, 4.9999965819e+00
8.6600000000e-01, -2.8668999552e-02, 4.9999965819e+00
8.6700000000e-01, -3.9519297934e-02, 4.9999965819e+00
8.6800000000e-01, -4.6307612782e-02, 4.9999965819e+00
8.6900000000e-01, -5.6172429937e-02, 4.9999965819e+00
8.7000000000e-01, -4.5802366061e-02, 4.9999965819e+00
8.7100000000e-01, -2.8668999552e-02, 4.9999965819e+00
8.7200000000e-01, -1.9794666066e-02, 4.9999965819e+00
8.7300000000e-01, -3.0259776355e-02, 4.9999965819e+00
8.7400000000e-01, -4.1770397183e-02, 4.9999965819e+00
8.7500000000e-01, -3.3571393473e-02, 4.9999965819e+00
8.7600000000e-01, -2.6422902745e-02, 4.9999965819e+00
8.7700000000e-01, -1.2250982360e-02, 4.9999965819e+00
8.7800000000e-01, -1.8268921020e-02, 4.9999965819e+00
8.7900000000e-01, -3.1825540944e-02, 4.9999965819e+00
8.8000000000e-01, -4.5912419802e-02, 4.9999965819e+00
8.8100000000e-01, -4.0114588624e-02, 4.9999965819e+00
8.8200000000e-01, -2.8473904284e-02, 4.9999965819e+00
8.8300000000e-01, -3.1855555600e-02, 4.9999965819e+00
8.8400000000e-01, -3.9619346790e-02, 4.9999965819e+00
8.8500000000e-01, -4.8898878140e-02, 4.9999965819e+00
8.8600000000e-01, -5.2920842132e-02, 4.9999965819e+00
8.8700000000e-01, -4.1835428940e-02, 4.9999965819e+00
8.8800000000e-01, -2.3146302727e-02, 4.9999965819e+00
8.8900000000e-01, -2.1375437984e-02, 4.9999965819e+00
8.9000000000e-01, -3.2710973315e-02, 4.9999965819e+00
8.9100000000e-01, -4.0234647251e-02, 4.9999965819e+00
8.9200000000e-01, -2.9424368411e-02, 4.9999965819e+00
8.9300000000e-01, -1.9784661181e-02, 4.9999965819e+00
8.9400000000e-01, -1.0164963722e-02, 4.9999965819e+00
8.9500000000e-01, -2.0570044697e-02, 4.9999965819e+00
8.9600000000e-01, -3.6152653945e-02, 4.9999965819e+00
8.9700000000e-01, -4.3626303453e-02, 4.9999965819e+00
8.9800000000e-01, -3.6612878681e-02, 4.9999965819e+00
8.9900000000e-01, -2.5532467931e-02, 4.9999965819e+00
9.0000000000e-01, -3.5597382797e-02, 4.9999965819e+00
9.0100000000e-01, -4.1260148020e-02, 4.9999965819e+00
9.0200000000e-01, -5.5537119704e-02, 4.9999965819e+00
9.0300000000e-01, -4.9334090661e-02, 4.9999965819e+00
9.0400000000e-01, -3.5632399897e-02, 4.9999965819e+00
9.0500000000e-01, -2.0309917672e-02, 4.9999965819e+00
9.0600000000e-01, -2.6232809920e-02, 4.9999965819e+00
9.0700000000e-01, -3.6747944636e-02, 4.9999965819e+00
9.0800000000e-01, -3.4706947983e-02, 4.9999965819e+00
9.0900000000e-01, -2.5662531443e-02, 4.9999965819e+00
9.1000000000e-01, -1.2821260836e-02, 4.9999965819e+00
9.1100000000e-01, -1.5282462682e-02, 4.9999965819e+00
9.1200000000e-01, -2.6292839233e-02, 4.9999965819e+00
9.1300000000e-01, -4.2360685431e-02, 4.9999965819e+00
9.1400000000e-01, -4.2085551078e-02, 4.9999965819e+00
9.1500000000e-01, -3.2120685068e-02, 4.9999965819e+00
9.1600000000e-01, -2.8188765045e-02, 4.9999965819e+00
9.1700000000e-01, -3.8939014572e-02, 4.9999965819e+00
9.1800000000e-01, -4.6872888815e-02, 4.9999965819e+00
9.1900000000e-01, -5.5592146575e-02, 4.9999965819e+00
9.2000000000e-01, -4.3611296125e-02, 4.9999965819e+00
9.2100000000e-01, -2.9234275586e-02, 4.9999965819e+00
9.2200000000e-01, -2.2726097533e-02, 4.9999965819e+00
9.2300000000e-01, -2.7453405957e-02, 4.9999965819e+00
9.2400000000e-01, -3.7948530902e-02, 4.9999965819e+00
9.2500000000e-01, -3.0434861852e-02, 4.9999965819e+00
9.2600000000e-01, -2.4476952505e-02, 4.9999965819e+00
9.2700000000e-01, -1.2451080071e-02, 4.9999965819e+00
9.2800000000e-01, -1.6788197958e-02, 4.9999965819e+00
9.2900000000e-01, -3.0554920479e-02, 4.9999965819e+00
9.3000000000e-01, -4.5802366061e-02, 4.9999965819e+00
9.3100000000e-01, -3.8868980373e-02, 4.9999965819e+00
9.3200000000e-01, -2.7768559852e-02, 4.9999965819e+00
9.3300000000e-01, -3.1555409034e-02, 4.9999965819e+00
9.3400000000e-01, -4.0379718092e-02, 4.9999965819e+00
9.3500000000e-01, -5.1840314492e-02, 4.9999965819e+00
9.3600000000e-01, -5.3286020455e-02, 4.9999965819e+00
9.3700000000e-01, -3.8593846020e-02, 4.9999965819e+00
9.3800000000e-01, -2.3041251428e-02, 4.9999965819e+00
9.3900000000e-01, -2.2911187916e-02, 4.9999965819e+00
9.4000000000e-01, -3.2215731480e-02, 4.9999965819e+00
9.4100000000e-01, -3.8278692125e-02, 4.9999965819e+00
9.4200000000e-01, -2.8684006880e-02, 4.9999965819e+00
9.4300000000e-01, -1.9754646524e-02, 4.9999965819e+00
9.4400000000e-01, -1.2711207095e-02, 4.9999965819e+00
9.4500000000e-01, -2.2941202573e-02, 4.9999965819e+00
9.4600000000e-01, -3.8924007244e-02, 4.9999965819e+00
9.4700000000e-01, -4.6487700722e-02, 4.9999965819e+00
9.4800000000e-01, -3.7908511360e-02, 4.9999965819e+00
9.4900000000e-01, -2.6222805034e-02, 4.9999965819e+00
9.5000000000e-01, -3.5217197146e-02, 4.9999965819e+00
9.5100000000e-01, -4.3206098260e-02, 4.9999965819e+00
9.5200000000e-01, -5.5387046421e-02, 4.9999965819e+00
9.5300000000e-01, -4.6927915686e-02, 4.9999965819e+00
9.5400000000e-01, -3.5187182490e-02, 4.9999965819e+00
9.5500000000e-01, -2.2836151275e-02, 4.9999965819e+00
9.5600000000e-01, -2.8653992224e-02, 4.9999965819e+00
9.5700000000e-01, -4.0034549540e-02, 4.9999965819e+00
9.5800000000e-01, -3.7263196242e-02, 4.9999965819e+00
9.5900000000e-01, -2.7773562295e-02, 4.9999965819e+00
9.6000000000e-01, -1.6778193072e-02, 4.9999965819e+00
9.6100000000e-01, -1.5512575050e-02, 4.9999965819e+00
9.6200000000e-01, -2.6222805034e-02, 4.9999965819e+00
9.6300000000e-01, -4.2410709859e-02, 4.9999965819e+00
9.6400000000e-01, -4.1815419168e-02, 4.9999965819e+00
9.6500000000e-01, -3.1855555600e-02, 4.9999965819e+00
9.6600000000e-01, -2.6277831905e-02, 4.9999965819e+00
9.6700000000e-01, -3.7238184028e-02, 4.9999965819e+00
9.6800000000e-01, -4.8643753558e-02, 4.9999965819e+00
9.6900000000e-01, -5.5832263828e-02, 4.9999965819e+00
9.7000000000e-01, -4.3686332767e-02, 4.9999965819e+00
9.7100000000e-01, -3.0624954677e-02, 4.9999965819e+00
9.7200000000e-01, -2.4156796168e-02, 4.9999965819e+00
9.7300000000e-01, -3.2450846291e-02, 4.9999965819e+00
9.7400000000e-01, -4.3091042076e-02, 4.9999965819e+00
9.7500000000e-01, -3.2525882933e-02, 4.9999965819e+00
9.7600000000e-01, -2.5042228539e-02, 4.9999965819e+00
9.7700000000e-01, -1.2406058086e-02, 4.9999965819e+00
9.7800000000e-01, -1.8569067586e-02, 4.9999965819e+00
9.7900000000e-01, -3.1435350407e-02, 4.9999965819e+00
9.8000000000e-01, -4.4326645442e-02, 4.9999965819e+00
9.8100000000e-01, -3.7478301281e-02, 4.9999965819e+00
9.8200000000e-01, -2.6352868546e-02, 4.9999965819e+00
9.8300000000e-01, -2.9864583375e-02, 4.9999965819e+00
9.8400000000e-01, -4.0399727863e-02, 4.9999965819e+00
9.8500000000e-01, -5.4266499239e-02, 4.9999965819e+00
9.8600000000e-01, -5.1059933419e-02, 4.9999965819e+00
9.8700000000e-01, -3.7688403878e-02, 4.9999965819e+00
9.8800000000e-01, -2.3331393109e-02, 4.9999965819e+00
9.8900000000e-01, -2.5412409304e-02, 4.9999965819e+00
9.9000000000e-01, -3.6762951964e-02, 4.9999965819e+00
9.9100000000e-01, -4.1375204204e-02, 4.9999965819e+00
9.9200000000e-01, -3.1765511631e-02, 4.9999965819e+00
9.9300000000e-01, -2.2896180588e-02, 4.9999965819e+00
9.9400000000e-01, -1.5747689860e-02, 4.9999965819e+00
9.9500000000e-01, -2.5927660910e-02, 4.9999965819e+00
9.9600000000e-01, -3.9799434730e-02, 4.9999965819e+00
9.9700000000e-01, -4.4886919033e-02, 4.9999965819e+00
9.9800000000e-01, -3.6822981278e-02, 4.9999965819e+00
9.9900000000e-01, -2.4376903650e-02, 4.9999965819e+00
1.0000000000e+00, -3.1535399263e-02, 4.9999965819e+00
1.0010000000e+00, -4.0849947713e-02, 4.9999965819e+00
1.0020000000e+00, -5.3806274504e-02, 4.9999965819e+00
1.0030000000e+00, -4.6497705607e-02, 4.9999965819e+00
1.0040000000e+00, -3.3401310418e-02, 4.9999965819e+00
1.0050000000e+00, -2.2215848370e-02, 4.9999965819e+00
1.0060000000e+00, -2.8613972681e-02, 4.9999965819e+00
1.0070000000e+00, -4.0824935499e-02, 4.9999965819e+00
1.0080000000e+00, -3.7238184028e-02, 4.9999965819e+00
1.0090000000e+00, -2.9464387953e-02, 4.9999965819e+00
1.0100000000e+00, -1.6242931695e-02, 4.9999965819e+00
1.0110000000e+00, -1.7183390937e-02, 4.9999965819e+00
1.0120000000e+00, -2.8628980010e-02, 4.9999965819e+00
1.0130000000e+00, -4.4156562388e-02, 4.9999965819e+00
1.0140000000e+00, -4.0079571525e-02, 4.9999965819e+00
1.0150000000e+00, -3.0274783683e-02, 4.9999965819e+00
1.0160000000e+00, -2.6522951601e-02, 4.9999965819e+00
1.0170000000e+00, -3.5862512264e-02, 4.9999965819e+00
1.0180000000e+00, -4.6252585911e-02, 4.9999965819e+00
1.0190000000e+00, -5.3961350230e-02, 4.9999965819e+00
1.0200000000e+00, -4.4531745596e-02, 4.9999965819e+00
1.0210000000e+00, -2.7653503668e-02, 4.9999965819e+00
1.0220000000e+00, -2.2375926539e-02, 4.9999965819e+00
1.0230000000e+00, -3.2485863390e-02, 4.9999965819e+00
1.0240000000e+00, -4.3606293682e-02, 4.9999965819e+00
1.0250000000e+00, -3.3261242021e-02, 4.9999965819e+00
1.0260000000e+00, -2.5752575413e-02, 4.9999965819e+00
1.0270000000e+00, -1.2230972588e-02, 4.9999965819e+00
1.0280000000e+00, -1.9459502400e-02, 4.9999965819e+00
1.0290000000e+00, -3.1455360178e-02, 4.9999965819e+00
1.0300000000e+00, -4.4076523303e-02, 4.9999965819e+00
1.0310000000e+00, -3.9034060985e-02, 4.9999965819e+00
1.0320000000e+00, -2.8333835886e-02, 4.9999965819e+00
1.0330000000e+00, -3.3261242021e-02, 4.9999965819e+00
1.0340000000e+00, -4.0534793818e-02, 4.9999965819e+00
1.0350000000e+00, -5.3371061982e-02, 4.9999965819e+00
1.0360000000e+00, -5.1930358462e-02, 4.9999965819e+00
1.0370000000e+00, -4.1310172448e-02, 4.9999965819e+00
1.0380000000e+00, -2.3761603188e-02, 4.9999965819e+00
1.0390000000e+00, -2.6562971143e-02, 4.9999965819e+00
1.0400000000e+00, -3.5372272872e-02, 4.9999965819e+00
1.0410000000e+00, -3.9659366332e-02, 4.9999965819e+00
1.0420000000e+00, -3.2705970872e-02, 4.9999965819e+00
1.0430000000e+00, -2.0094812633e-02, 4.9999965819e+00
1.0440000000e+00, -1.4231949699e-02, 4.9999965819e+00
1.0450000000e+00, -2.4181808381e-02, 4.9999965819e+00
1.0460000000e+00, -3.8848970602e-02, 4.9999965819e+00
1.0470000000e+00, -4.2360685431e-02, 4.9999965819e+00
1.0480000000e+00, -3.4626908899e-02, 4.9999965819e+00
1.0490000000e+00, -2.5697548543e-02, 4.9999965819e+00
1.0500000000e+00, -3.5517343713e-02, 4.9999965819e+00
1.0510000000e+00, -4.1775399626e-02, 4.9999965819e+00
1.0520000000e+00, -5.4871794815e-02, 4.9999965819e+00
1.0530000000e+00, -4.8983919667e-02, 4.9999965819e+00
1.0540000000e+00, -3.6277715015e-02, 4.9999965819e+00
1.0550000000e+00, -2.2681075548e-02, 4.9999965819e+00
1.0560000000e+00, -2.9079199860e-02, 4.9999965819e+00
1.0570000000e+00, -4.1650338557e-02, 4.9999965819e+00
1.0580000000e+00, -3.6842991049e-02, 4.9999965819e+00
1.0590000000e+00, -2.6422902745e-02, 4.9999965819e+00
1.0600000000e+00, -1.3756717635e-02, 4.9999965819e+00
1.0610000000e+00, -1.7478535061e-02, 4.9999965819e+00
1.0620000000e+00, -2.7868608708e-02, 4.9999965819e+00
1.0630000000e+00, -4.3266127574e-02, 4.9999965819e+00
1.0640000000e+00, -4.0364710763e-02, 4.9999965819e+00
1.0650000000e+00, -3.1250260025e-02, 4.9999965819e+00
1.0660000000e+00, -2.9169243830e-02, 4.9999965819e+00
1.0670000000e+00, -3.9894481142e-02, 4.9999965819e+00
1.0680000000e+00, -4.9469156616e-02, 4.9999965819e+00
1.0690000000e+00, -5.6437559404e-02, 4.9999965819e+00
1.0700000000e+00, -4.4636796894e-02, 4.9999965819e+00
1.0710000000e+00, -2.9559434366e-02, 4.9999965819e+00
1.0720000000e+00, -2.4632028231e-02, 4.9999965819e+00
1.0730000000e+00, -3.2490865833e-02, 4.9999965819e+00
1.0740000000e+00, -4.3471227727e-02, 4.9999965819e+00
1.0750000000e+00, -3.3266244463e-02, 4.9999965819e+00
1.0760000000e+00, -2.5947670681e-02, 4.9999965819e+00
1.0770000000e+00, -1.3881778705e-02, 4.9999965819e+00
