-5.999917966947043069e-07,2.198339137248699060e-02
-5.984136716947043405e-07,2.231075521476359041e-02
-5.968355466947042683e-07,2.242963058294421969e-02
-5.952574216947043019e-07,2.236933165508844107e-02
-5.936792966947043356e-07,2.219751951656160141e-02
-5.921011716947042633e-07,2.199643440562198959e-02
-5.905230466947042970e-07,2.183791545607959017e-02
-5.889449216947043306e-07,2.176460438028753053e-02
-5.873667966947042584e-07,2.178242033494209862e-02
-5.857886716947042920e-07,2.186534585244092124e-02
-5.842105466947043256e-07,2.196977107805987012e-02
-5.826324216947043593e-07,2.205289357191592137e-02
-5.810542966947042870e-07,2.208836874910723863e-02
-5.794761716947043207e-07,2.207423015500751054e-02
-5.778980466947043543e-07,2.203058784827941971e-02
-5.763199216947042821e-07,2.198899634761660934e-02
-5.747417966947043157e-07,2.197677097755459941e-02
-5.731636716947043493e-07,2.200273016216702099e-02
-5.715855466947042771e-07,2.204920982713191868e-02
-5.700074216947043107e-07,2.207373770932782864e-02
-5.684292966947043444e-07,2.201975755099202028e-02
-5.668511716947042721e-07,2.183441276751151017e-02
-5.652730466947043058e-07,2.148733869408897892e-02
-5.636949216947043394e-07,2.098510066142095926e-02
-5.621167966947042672e-07,2.037626524786240872e-02
-5.605386716947043008e-07,1.974557169510559110e-02
-5.589605466947043345e-07,1.919718835270867868e-02
-5.573824216947042622e-07,1.883137438647173104e-02
-5.558042966947042959e-07,1.872026192263260072e-02
-5.542261716947043295e-07,1.888923050148335128e-02
-5.526480466947042572e-07,1.930933244709752070e-02
-5.510699216947042909e-07,1.990252354429212014e-02
-5.494917966947043245e-07,2.055978430618089076e-02
-5.479136716947043582e-07,2.116740383151287028e-02
-5.463355466947042859e-07,2.163458627826986974e-02
-5.447574216947043196e-07,2.191480526356565095e-02
-5.431792966947043532e-07,2.201466579086518854e-02
-5.416011716947042810e-07,2.198769627051359865e-02
-5.400230466947043146e-07,2.191439749558512021e-02
-5.384449216947043482e-07,2.187432049962577049e-02
-5.368667966947042760e-07,2.191865357699599934e-02
-5.352886716947043096e-07,2.205193932668423132e-02
-5.337105466947043433e-07,2.222910589999829017e-02
-5.321324216947042710e-07,2.236937130311061894e-02
-5.305542966947043047e-07,2.238315699549258894e-02
-5.289761716947043383e-07,2.220365938590187008e-02
-5.273980466947043719e-07,2.181305601397269880e-02
-5.258199216947042997e-07,2.125442761658907082e-02
-5.242417966947043333e-07,2.062494427713945991e-02
-5.226636716947043670e-07,2.005181385717647036e-02
-5.210855466947042947e-07,1.965902481817763045e-02
-5.195074216947043284e-07,1.953383783210518171e-02
-5.179292966947043620e-07,1.970524415211168112e-02
-5.163511716947042898e-07,2.013993024006385107e-02
-5.147730466947043234e-07,2.075684259531771977e-02
-5.131949216947043571e-07,2.145467977679140978e-02
-5.116167966947042848e-07,2.214193011717349030e-02
-5.100386716947043185e-07,2.275938798452321887e-02
-5.084605466947043521e-07,2.328766395820219132e-02
-5.068824216947042799e-07,2.373821268532642914e-02
-5.053042966947043135e-07,2.413283816311367902e-02
-5.037261716947043471e-07,2.448097119095707028e-02
-5.021480466947042749e-07,2.476540238946596875e-02
-5.005699216947043085e-07,2.494249399353704044e-02
-4.989917966947043422e-07,2.495781585622476942e-02
-4.974136716947042699e-07,2.477086367758669916e-02
-4.958355466947043036e-07,2.437900194274233989e-02
-4.942574216947043372e-07,2.382969124993964891e-02
-4.926792966947042650e-07,2.321423999797882914e-02
-4.911011716947042986e-07,2.264373688998131892e-02
-4.895230466947043322e-07,2.221499687799445913e-02
-4.879449216947042600e-07,2.197922041724447925e-02
-4.863667966947042936e-07,2.192555776974682014e-02
-4.847886716947043273e-07,2.198699785394774009e-02
-4.832105466947043609e-07,2.206762834313004060e-02
-4.816324216947042887e-07,2.208163588356967105e-02
-4.800542966947043223e-07,2.198912755209640052e-02
-4.784761716947043559e-07,2.181416749180788844e-02
-4.768980466947042837e-07,2.163643849996061894e-02
-4.753199216947043173e-07,2.155799366470366116e-02
-4.737417966947044039e-07,2.165643377083406942e-02
-4.721636716947042787e-07,2.194315857450201968e-02
-4.705855466947043124e-07,2.234368508861891978e-02
-4.690074216947042931e-07,2.271124601621582126e-02
-4.674292966947042738e-07,2.287217142518836038e-02
-4.658511716947043074e-07,2.268919656194854848e-02
-4.642730466947042881e-07,2.212065745428314079e-02
-4.626949216947043218e-07,2.125298045601604902e-02
-4.611167966947043025e-07,2.029115662126495037e-02
-4.595386716947042832e-07,1.950610574746215048e-02
-4.579605466947043168e-07,1.915331076723245096e-02
-4.563824216947042975e-07,1.938840005861618837e-02
-4.548042966947042782e-07,2.020761406334406832e-02
-4.532261716947043118e-07,2.143550708130239138e-02
-4.516480466947042925e-07,2.276674104937163878e-02
-4.500699216947043262e-07,2.385102827988729024e-02
-4.484917966947043069e-07,2.439522993285166835e-02
-4.469136716947042876e-07,2.425092824881300985e-02
-4.453355466947043212e-07,2.345919800612854961e-02
-4.437574216947044078e-07,2.223793209717475974e-02
-4.421792966947042826e-07,2.091582724452075923e-02
-4.406011716947043162e-07,1.983464389386064078e-02
-4.390230466947042969e-07,1.925081020883342986e-02
-4.374449216947042776e-07,1.926694694748860154e-02
-4.358667966947043113e-07,1.981371123586785077e-02
-4.342886716947042920e-07,2.068500198236057977e-02
-4.327105466947043256e-07,2.161207087115065914e-02
-4.311324216947043063e-07,2.234971061010888882e-02
-4.295542966947042870e-07,2.274656435932418883e-02
-4.279761716947043206e-07,2.277782306584408972e-02
-4.263980466947043013e-07,2.253300707823244903e-02
-4.248199216947042820e-07,2.216798755396826026e-02
-4.232417966947043157e-07,2.184149201194936912e-02
-4.216636716947042964e-07,2.165998622987674871e-02
-4.200855466947042771e-07,2.164972506299615851e-02
-4.185074216947043107e-07,2.176311072658371898e-02
-4.169292966947042914e-07,2.191254937548360940e-02
-4.153511716947043251e-07,2.201614686201868940e-02
-4.137730466947044116e-07,2.203461472300017113e-02
-4.121949216947042865e-07,2.198514565390400147e-02
-4.106167966947043201e-07,2.192744454416012054e-02
-4.090386716947044067e-07,2.192924304671688140e-02
-4.074605466947042815e-07,2.202707494357390022e-02
-4.058824216947043151e-07,2.220001418548546088e-02
-4.043042966947042958e-07,2.236881822173680118e-02
-4.027261716947042765e-07,2.242246803802958044e-02
-4.011480466947043102e-07,2.226261693901454911e-02
-3.995699216947042909e-07,2.184881296974216028e-02
-3.979917966947043245e-07,2.122594138701746139e-02
-3.964136716947043052e-07,2.052135396252102034e-02
-3.948355466947042859e-07,1.991027208490589104e-02
-3.932574216947043195e-07,1.956032725820245136e-02
-3.916792966947043002e-07,1.957389415141798025e-02
-3.901011716947042809e-07,1.994889657814364128e-02
-3.885230466947043146e-07,2.057303469093373083e-02
-3.869449216947042953e-07,2.125487455857396138e-02
-3.853667966947042760e-07,2.178209150101270003e-02
-3.837886716947044155e-07,2.198842859678179149e-02
-3.822105466947042903e-07,2.180670286777884950e-02
-3.806324216947043239e-07,2.129067678815199996e-02
-3.790542966947044105e-07,2.059835703871555970e-02
-3.774761716947042853e-07,1.994261609826973938e-02
-3.758980466947043190e-07,1.952551598960308027e-02
-3.743199216947044056e-07,1.947747889335815080e-02
-3.727417966947042804e-07,1.982060180913127953e-02
-3.711636716947043140e-07,2.046667527324335864e-02
-3.695855466947042947e-07,2.124928536145538963e-02
-3.680074216947042754e-07,2.197704476437145962e-02
-3.664292966947043091e-07,2.249095938199857994e-02
-3.648511716947042898e-07,2.270740693087655929e-02
-3.632730466947043234e-07,2.263442232923758984e-02
-3.616949216947043041e-07,2.235877528811561904e-02
-3.601167966947042848e-07,2.201013976564379984e-02
-3.585386716947043184e-07,2.171656566871400101e-02
-3.569605466947044050e-07,2.156573207824441854e-02
-3.553824216947042798e-07,2.158387099796668998e-02
-3.538042966947043135e-07,2.173703785765802865e-02
-3.522261716947042942e-07,2.195151832009081122e-02
-3.506480466947042749e-07,2.214427611872582871e-02
-3.490699216947043085e-07,2.225221155879001170e-02
-3.474917966947042892e-07,2.225061737502734976e-02
-3.459136716947043228e-07,2.215605615707193915e-02
-3.443355466947043035e-07,2.201479207821736839e-02
-3.427574216947042842e-07,2.188268285200552915e-02
-3.411792966947043179e-07,2.180450283552214097e-02
-3.396011716947044044e-07,2.179993709676607966e-02
-3.380230466947042793e-07,2.186022024956960075e-02
-3.364449216947043129e-07,2.195515269017084964e-02
-3.348667966947042936e-07,2.204661879931430965e-02
-3.332886716947042743e-07,2.210304884491114119e-02
-3.317105466947043079e-07,2.210963091877915856e-02
-3.301324216947042886e-07,2.207102638149507912e-02
-3.285542966947043223e-07,2.200724932673851081e-02
-3.269761716947044089e-07,2.194425710108515934e-02
-3.253980466947042837e-07,2.190402207791281031e-02
-3.238199216947043173e-07,2.189741163075625136e-02
-3.222417966947044039e-07,2.192183025274776001e-02
-3.206636716947042787e-07,2.196420636465611087e-02
-3.190855466947043124e-07,2.200705803943290087e-02
-3.175074216947042931e-07,2.203531055998241006e-02
-3.159292966947042738e-07,2.204119958654258971e-02
-3.143511716947043074e-07,2.202602920301463887e-02
-3.127730466947042881e-07,2.199824173285333875e-02
-3.111949216947043217e-07,2.196943295290584852e-02
-3.096167966947044083e-07,2.194980033217528922e-02
-3.080386716947042831e-07,2.194480035695259984e-02
-3.064605466947043168e-07,2.195405090738400053e-02
-3.048824216947044033e-07,2.197212913282507035e-02
-3.033042966947042782e-07,2.199149998073689910e-02
-3.017261716947043118e-07,2.200528204399141916e-02
-3.001480466947042925e-07,2.200952667628459924e-02
-2.985699216947043261e-07,2.200409947410049069e-02
-2.969917966947043068e-07,2.199214136355825966e-02
-2.954136716947042875e-07,2.197854696075871028e-02
-2.938355466947043212e-07,2.196812091693189917e-02
-2.922574216947044077e-07,2.196405318881933938e-02
-2.906792966947042826e-07,2.196712249385711010e-02
-2.891011716947043162e-07,2.197573551113726070e-02
-2.875230466947042969e-07,2.198664429157594011e-02
-2.859449216947042776e-07,2.199605225324299113e-02
-2.843667966947043112e-07,2.200077941304446130e-02
-2.827886716947042919e-07,2.199919858884356871e-02
-2.812105466947043256e-07,2.199172901414791007e-02
-2.796324216947044122e-07,2.198077035585515107e-02
-2.780542966947042870e-07,2.197005458597800845e-02
-2.764761716947043206e-07,2.196352830540605067e-02
-2.748980466947044072e-07,2.196403058201567074e-02
-2.733199216947042820e-07,2.197215887464051831e-02
-2.717417966947043157e-07,2.198574180080664978e-02
-2.701636716947042964e-07,2.200023319253244930e-02
-2.685855466947042771e-07,2.201006836878248094e-02
-2.670074216947043107e-07,2.201065298802357129e-02
-2.654292966947042914e-07,2.200032529973075870e-02
-2.638511716947043250e-07,2.198151023595332904e-02
-2.622730466947044116e-07,2.196044127534220111e-02
-2.606949216947042864e-07,2.194528948316084097e-02
-2.591167966947043201e-07,2.194323218613980844e-02
-2.575386716947044066e-07,2.195715397598875171e-02
-2.559605466947042815e-07,2.198399919103756137e-02
-2.543824216947043151e-07,2.201491181026943994e-02
-2.528042966947042958e-07,2.203794987718539142e-02
-2.512261716947042765e-07,2.204247476644621145e-02
-2.496480466947044160e-07,2.202370340844612973e-02
-2.480699216947042908e-07,2.198558861536829140e-02
-2.464917966947043245e-07,2.194058569920403004e-02
-2.449136716947044111e-07,2.190590358948343863e-02
-2.433355466947042859e-07,2.189726327650155097e-02
-2.417574216947043195e-07,2.192222069420238922e-02
-2.401792966947044061e-07,2.197582453256391108e-02
-2.386011716947042809e-07,2.204081641708956901e-02
-2.370230466947042881e-07,2.209267466123219018e-02
-2.354449216947042952e-07,2.210837966255757917e-02
-2.338667966947043024e-07,2.207588888013279141e-02
-2.322886716947043890e-07,2.200065584359126025e-02
-2.307105466947042903e-07,2.190618727355581052e-02
-2.291324216947042974e-07,2.182750023458663105e-02
-2.275542966947044105e-07,2.179901651348202865e-02
-2.259761716947043118e-07,2.184081976597313998e-02
-2.243980466947042925e-07,2.194836774441942875e-02
-2.228199216947044055e-07,2.209010576493973879e-02
-2.212417966947043068e-07,2.221514514598605869e-02
-2.196636716947042875e-07,2.226960676258337921e-02
-2.180855466947042947e-07,2.221682478028368102e-02
-2.165074216947043019e-07,2.205457500463376894e-02
-2.149292966947043884e-07,2.182278481126422032e-02
-2.133511716947042897e-07,2.159759240577123832e-02
-2.117730466947042969e-07,2.147205282489470998e-02
-2.101949216947044099e-07,2.152842706968325845e-02
-2.086167966947043112e-07,2.181036336302447087e-02
-2.070386716947042919e-07,2.230386794383543148e-02
-2.054605466947044050e-07,2.293414801776623088e-02
-2.038824216947043063e-07,2.358056359547489045e-02
-2.023042966947043928e-07,2.410627625292507958e-02
-2.007261716947042941e-07,2.439407810031550897e-02
-1.991480466947043013e-07,2.437839226749289115e-02
-1.975699216947043879e-07,2.406340718331884121e-02
-1.959917966947042892e-07,2.352185616580418012e-02
-1.944136716947042963e-07,2.287479252262576007e-02
-1.928355466947044094e-07,2.225845688723002147e-02
-1.912574216947043107e-07,2.178862309742500905e-02
-1.896792966947042914e-07,2.153240345712854886e-02
-1.881011716947044044e-07,2.149568309068278921e-02
-1.865230466947043057e-07,2.162887585263807005e-02
-1.849449216947043923e-07,2.184793978551851854e-02
-1.833667966947042936e-07,2.206287391235807124e-02
-1.817886716947043007e-07,2.220448534984768851e-02
-1.802105466947043873e-07,2.224130051585233858e-02
-1.786324216947042886e-07,2.218242487278569014e-02
-1.770542966947042958e-07,2.206712265625365016e-02
-1.754761716947044088e-07,2.194628854507255089e-02
-1.738980466947043101e-07,2.186298031888796872e-02
-1.723199216947043967e-07,2.183878530868170117e-02
-1.707417966947044039e-07,2.186995539589104906e-02
-1.691636716947043052e-07,2.193343635752200912e-02
-1.675855466947043917e-07,2.199883833398161986e-02
-1.660074216947042930e-07,2.204153325282865936e-02
-1.644292966947043002e-07,2.205121333725543892e-02
-1.628511716947043868e-07,2.203336771970716007e-02
-1.612730466947042881e-07,2.200383702450074003e-02
-1.596949216947042952e-07,2.197994134178518980e-02
-1.581167966947044083e-07,2.197188385316646911e-02
-1.565386716947043096e-07,2.197875128982956089e-02
-1.549605466947043961e-07,2.199039591613239156e-02
-1.533824216947044033e-07,2.199373949572812001e-02
-1.518042966947043046e-07,2.198101189568919117e-02
-1.502261716947043912e-07,2.195465463996933153e-02
-1.486480466947042925e-07,2.192743935115855011e-02
-1.470699216947042996e-07,2.191692865350478026e-02
-1.454917966947044127e-07,2.193622887557506937e-02
-1.439136716947042875e-07,2.198643672279760111e-02
-1.423355466947042947e-07,2.205264567805658923e-02
-1.407574216947044077e-07,2.210788548078811838e-02
-1.391792966947043090e-07,2.212343824158845979e-02
-1.376011716947043956e-07,2.208132976322972965e-02
-1.360230466947042969e-07,2.198567090334135887e-02
-1.344449216947043040e-07,2.186478017385513894e-02
-1.328667966947043906e-07,2.176454000457136995e-02
-1.312886716947042919e-07,2.173363820364930879e-02
-1.297105466947042991e-07,2.180079172196367973e-02
-1.281324216947044121e-07,2.196517814936017887e-02
-1.265542966947042870e-07,2.218383129131594120e-02
-1.249761716947044000e-07,2.238069464989531077e-02
-1.233980466947044072e-07,2.247608444311872955e-02
-1.218199216947043085e-07,2.237061212194103865e-02
-1.202417966947043950e-07,2.205276444496430052e-02
-1.186636716947042963e-07,2.154116918627606986e-02
-1.170855466947043035e-07,2.090922195818303159e-02
-1.155074216947044033e-07,2.029940123250205050e-02
-1.139292966947043972e-07,1.978714220554544934e-02
-1.123511716947042985e-07,1.954907638981216028e-02
-1.107730466947043983e-07,1.964100926314076012e-02
-1.091949216947044055e-07,2.003061219201028934e-02
-1.076167966947042936e-07,2.064963037597443082e-02
-1.060386716947044066e-07,2.126888605037368860e-02
-1.044605466947044005e-07,2.183929350648209158e-02
-1.028824216947043018e-07,2.225802206872088893e-02
-1.013042966947042958e-07,2.246123109258450073e-02
-9.972617169470438235e-08,2.248192257073041919e-02
-9.814804669470431011e-08,2.228582241101694991e-02
-9.656992169470434375e-08,2.205588983758340060e-02
-9.499179669470437739e-08,2.188654037014434173e-02
-9.341367169470430514e-08,2.181843897428046089e-02
-9.183554669470433878e-08,2.186801532362222036e-02
-9.025742169470437242e-08,2.191119344146322950e-02
-8.867929669470430018e-08,2.196528095596957109e-02
-8.710117169470433382e-08,2.199702771713471852e-02
-8.552304669470436746e-08,2.198999827083970848e-02
-8.394492169470440110e-08,2.197701169424629009e-02
-8.236679669470432886e-08,2.193455493905538053e-02
-8.078867169470436249e-08,2.194840291736430832e-02
-7.921054669470439613e-08,2.203328315366505016e-02
-7.763242169470432389e-08,2.215581471441376016e-02
-7.605429669470435753e-08,2.224849003851461088e-02
-7.447617169470439117e-08,2.224830530190001140e-02
-7.289804669470431893e-08,2.210976632395306868e-02
-7.131992169470435257e-08,2.187656183249591865e-02
-6.974179669470438620e-08,2.162715585647310979e-02
-6.816367169470431396e-08,2.146808836994794009e-02
-6.658554669470434760e-08,2.149656363229893868e-02
-6.500742169470438124e-08,2.173451679813252074e-02
-6.342929669470430900e-08,2.213915426145285012e-02
-6.185117169470434264e-08,2.256589281581483988e-02
-6.027304669470437628e-08,2.283144694245941089e-02
-5.869492169470429742e-08,2.279431131184692094e-02
-5.711679669470433767e-08,2.240928660698291927e-02
-5.553867169470437131e-08,2.179503610661744084e-02
-5.396054669470439833e-08,2.117392962463986172e-02
-5.238242169470433271e-08,2.080375998447812902e-02
-5.080429669470437297e-08,2.087204455793136015e-02
-4.922617169470439999e-08,2.138557050134505880e-02
-4.764804669470432775e-08,2.215653213807276117e-02
-4.606992169470436138e-08,2.282102900369107831e-02
-4.449179669470440164e-08,2.297806291196063944e-02
-4.291367169470432278e-08,2.236686590735589147e-02
-4.133554669470436304e-08,2.100882797579907077e-02
-3.975742169470439006e-08,1.928485742298442079e-02
-3.817929669470431782e-08,1.784091314617080107e-02
-3.660117169470435146e-08,1.738990064793103849e-02
-3.502304669470439171e-08,1.844165104809204064e-02
-3.344492169470431285e-08,2.105487076467680088e-02
-3.186679669470435311e-08,2.473598981381123010e-02
-3.028867169470438013e-08,2.851376883162081918e-02
-2.871054669470431120e-08,3.122772461127365853e-02
-2.713242169470434153e-08,3.193600789522035160e-02
-2.555429669470437848e-08,3.030307481771142911e-02
-2.397617169470440881e-08,2.682880209060245144e-02
-2.239804669470433987e-08,2.278724693774234963e-02
-2.081992169470437020e-08,1.986883232504323832e-02
-1.924179669470440053e-08,1.960504888689355851e-02
-1.766367169470433160e-08,2.275608393143595948e-02
-1.608554669470436855e-08,2.888443313230772136e-02
-1.450742169470440053e-08,3.629666157606929733e-02
-1.292929669470432995e-08,4.244649999491102027e-02
-1.135117169470436028e-08,4.473943119602741270e-02
-9.773046694704393914e-09,4.154206553571988120e-02
-8.194921694704321674e-09,3.310889510900238281e-02
-6.616796694704355312e-09,2.214693415435504964e-02
-5.038671694704388950e-09,1.380388440625531996e-02
-3.460546694704317123e-09,1.503565303657618951e-02
-1.882421694704349934e-09,3.348614233711932897e-02
-3.042966947043839864e-10,7.613333564126159581e-02
1.273828305295688048e-09,1.480477864781362118e-01
2.851953305295655029e-09,2.515489339864093732e-01
4.430078305295620977e-09,3.859439597299825775e-01
6.008203305295693218e-09,5.478536278476346943e-01
7.586328305295659580e-09,7.319212761946195522e-01
9.164453305295625941e-09,9.317671723276780282e-01
1.074257830529559065e-08,1.140830163540107911e+00
1.232070330529565958e-08,1.352932244555459906e+00
1.389882830529562925e-08,1.562475516653774932e+00
1.547695330529560058e-08,1.764223647702614972e+00
1.705507830529566951e-08,1.953176906222042097e+00
1.863320330529563918e-08,2.124395661747982889e+00
2.021132830529559892e-08,2.273052905436376836e+00
2.178945330529567116e-08,2.394745138828263009e+00
2.336757830529564083e-08,2.485789357115323117e+00
2.494570330529561050e-08,2.543965415896666915e+00
2.652382830529567944e-08,2.568891555653650904e+00
2.810195330529564911e-08,2.562142520032387960e+00
2.968007830529560885e-08,2.527047413792784081e+00
3.125820330529567778e-08,2.467930129915841153e+00
3.283632830529565076e-08,2.389689705334523850e+00
3.441445330529561712e-08,2.297102947680862872e+00
3.599257830529568936e-08,2.194339396630756944e+00
3.757070330529566234e-08,2.084773323543287926e+00
3.914882830529562209e-08,1.970839698458368927e+00
4.072695330529558845e-08,1.854497239547048926e+00
4.230507830529566069e-08,1.737511319392845088e+00
4.388320330529562705e-08,1.621692343965547956e+00
4.546132830529558679e-08,1.509004817595579029e+00
4.703945330529567227e-08,1.401353356482440082e+00
4.861757830529563201e-08,1.300513127005261005e+00
5.019570330529559838e-08,1.207871195787588947e+00
5.177382830529567062e-08,1.124214414281861085e+00
5.335195330529563698e-08,1.049654356444275960e+00
5.493007830529559672e-08,9.836008378615093140e-01
5.650820330529568220e-08,9.250165296871941667e-01
5.808632830529564194e-08,8.726629958540488285e-01
5.966445330529560830e-08,8.253213908941507970e-01
6.124257830529568054e-08,7.819631862144752477e-01
6.282070330529564691e-08,7.417661130931821889e-01
6.439882830529561327e-08,7.041407895876422574e-01
6.597695330529568551e-08,6.686760983196382568e-01
6.755507830529565187e-08,6.350428660759276367e-01
6.913320330529561823e-08,6.029293100721638821e-01
7.071132830529558459e-08,5.719755203316809755e-01
7.228945330529565683e-08,5.418080563014457951e-01
7.386757830529562320e-08,5.121030533324976153e-01
7.544570330529558956e-08,4.826257899136914276e-01
7.702382830529566180e-08,4.532659834305182156e-01
7.860195330529562816e-08,4.240234934377112852e-01
8.018007830529559452e-08,3.949983245631533135e-01
8.175820330529566676e-08,3.663798220910057246e-01
8.333632830529563312e-08,3.383978160553831049e-01
8.491445330529559948e-08,3.112847730790910816e-01
8.649257830529567173e-08,2.852374207345831914e-01
8.807070330529563809e-08,2.603988553845484888e-01
8.964882830529560445e-08,2.368772581196315064e-01
9.122695330529567669e-08,2.147416376837303076e-01
9.280507830529564305e-08,1.940263084088625078e-01
9.438320330529560941e-08,1.747347499944444937e-01
9.596132830529568165e-08,1.568370025555904934e-01
9.753945330529564802e-08,1.402955737479376908e-01
9.911757830529561438e-08,1.250635163026903862e-01
1.006957033052955940e-07,1.110837385856817960e-01
1.022738283052957059e-07,9.829058751029880192e-02
1.038519533052956061e-07,8.659323253009956756e-02
1.054300783052955989e-07,7.588965988990922784e-02
1.070082033052956976e-07,6.605955444765773676e-02
1.085863283052955978e-07,5.696418347820506045e-02
1.101644533052956039e-07,4.846105315614049336e-02
1.117425783052957026e-07,4.040307612481351673e-02
1.133207033052956028e-07,3.267113395467907688e-02
1.148988283052955956e-07,2.518403323940194075e-02
1.164769533052956943e-07,1.790321304554129064e-02
1.180550783052955945e-07,1.083844827371810079e-02
1.196332033052956006e-07,4.020979362693553189e-03
1.212113283052956993e-07,-2.501559377502419069e-03
1.227894533052956127e-07,-8.690135079326196527e-03
1.243675783052956056e-07,-1.453450060806145937e-02
1.259457033052957043e-07,-2.005251516346658047e-02
1.275238283052955912e-07,-2.530096940561024979e-02
1.291019533052956105e-07,-3.035054876231822046e-02
1.306800783052956034e-07,-3.527012235682819991e-02
1.322582033052955962e-07,-4.011179852486557174e-02
1.338363283052955890e-07,-4.488470951836358303e-02
1.354144533052956083e-07,-4.956718666621894726e-02
1.369925783052957070e-07,-5.410245525509768671e-02
1.385707033052955940e-07,-5.841746482120720868e-02
1.401488283052955868e-07,-6.245863890670409063e-02
1.417269533052957120e-07,-6.615287850212431264e-02
1.433050783052955989e-07,-6.947505523345247347e-02
1.448832033052955918e-07,-7.243083526799012906e-02
1.464613283052956905e-07,-7.506758789486635275e-02
1.480394533052956039e-07,-7.749998640265007288e-02
1.496175783052955967e-07,-7.977580489792489293e-02
1.511957033052956954e-07,-8.195593152499934531e-02
1.527738283052956089e-07,-8.405988241571389630e-02
1.543519533052956017e-07,-8.608898342166486362e-02
1.559300783052957004e-07,-8.804336895433241550e-02
1.575082033052955874e-07,-8.999998318558818933e-02
1.590863283052956067e-07,-9.181564319553277287e-02
1.606644533052957054e-07,-9.350458803553061971e-02
1.622425783052955923e-07,-9.505980918033672677e-02
1.638207033052956116e-07,-9.650547897640056327e-02
1.653988283052956045e-07,-9.795438893986863071e-02
1.669769533052957032e-07,-9.930543230515918862e-02
1.685550783052955901e-07,-1.005754369077470067e-01
1.701332033052956094e-07,-1.017318033507381009e-01
1.717113283052957081e-07,-1.027535376144922963e-01
1.732894533052955951e-07,-1.037004707140089937e-01
1.748675783052955879e-07,-1.045037967427372982e-01
1.764457033052957131e-07,-1.052277904781632051e-01
1.780238283052956001e-07,-1.059387505954837994e-01
1.796019533052955929e-07,-1.067258703957952998e-01
1.811800783052956916e-07,-1.077135318212136955e-01
1.827582033052956050e-07,-1.088782712673145997e-01
1.843363283052955978e-07,-1.102005800005891045e-01
1.859144533052956966e-07,-1.115763189459920979e-01
1.874925783052956100e-07,-1.128589948690484068e-01
1.890707033052956028e-07,-1.139215179829743962e-01
1.906488283052957015e-07,-1.145907689608173935e-01
1.922269533052955885e-07,-1.148040111298738036e-01
1.938050783052956078e-07,-1.145768086556726989e-01
1.953832033052956006e-07,-1.140216794155786972e-01
1.969613283052955934e-07,-1.133453218212795016e-01
1.985394533052956127e-07,-1.127249172153947931e-01
2.001175783052956056e-07,-1.123434909583173047e-01
2.016957033052957043e-07,-1.123067279705657062e-01
2.032738283052955912e-07,-1.126319191208497994e-01
2.048519533052956105e-07,-1.132651963435983983e-01
2.064300783052957092e-07,-1.140446432530533988e-01
2.080082033052955962e-07,-1.148021549452097056e-01
2.095863283052955890e-07,-1.153784699737969016e-01
2.111644533052956877e-07,-1.156684312064296949e-01
2.127425783052956012e-07,-1.156521367207266060e-01
2.143207033052955940e-07,-1.153488434503109061e-01
2.158988283052956927e-07,-1.148422433681953042e-01
2.174769533052956061e-07,-1.142337181235777016e-01
2.190550783052955990e-07,-1.136219011800835010e-01
2.206332033052956977e-07,-1.130919562856465971e-01
2.222113283052956111e-07,-1.126772204307869008e-01
2.237894533052956039e-07,-1.123898285946982045e-01
2.253675783052955968e-07,-1.122185015931071034e-01
2.269457033052955896e-07,-1.121440814843447931e-01
2.285238283052956089e-07,-1.121536066386169955e-01
2.301019533052956017e-07,-1.122235060976956994e-01
2.316800783052955945e-07,-1.123338497645900019e-01
2.332582033052955874e-07,-1.124583133294101006e-01
2.348363283052956067e-07,-1.125643723556675052e-01
2.364144533052957054e-07,-1.126191117020008958e-01
2.379925783052955923e-07,-1.125826983286506017e-01
2.395707033052955852e-07,-1.124263195626532957e-01
2.411488283052957104e-07,-1.121376712283751048e-01
2.427269533052956238e-07,-1.117263949371489068e-01
2.443050783052955901e-07,-1.112248535487013051e-01
2.458832033052957153e-07,-1.106723553516494041e-01
2.474613283052955758e-07,-1.101088549858418031e-01
2.490394533052955951e-07,-1.095645233083657050e-01
2.506175783052957203e-07,-1.090540102282247931e-01
2.521957033052955808e-07,-1.085775738310170019e-01
2.537738283052956001e-07,-1.081213549611547975e-01
2.553519533052956194e-07,-1.076666217929477948e-01
2.569300783052955857e-07,-1.071995060360814989e-01
2.585082033052956050e-07,-1.067161713873208961e-01
2.600863283052956243e-07,-1.062239340275832056e-01
2.616644533052955907e-07,-1.057349218472155988e-01
2.632425783052956100e-07,-1.052578624839587973e-01
2.648207033052955764e-07,-1.047950256316683010e-01
2.663988283052955957e-07,-1.043395300112530955e-01
2.679769533052956150e-07,-1.038777207601997987e-01
2.695550783052955813e-07,-1.033963397335465051e-01
2.711332033052957065e-07,-1.028848938301586968e-01
2.727113283052956199e-07,-1.023471799492786938e-01
2.742894533052955863e-07,-1.018011178443252035e-01
2.758675783052957115e-07,-1.012743584225899024e-01
2.774457033052956249e-07,-1.007950396140959021e-01
2.790238283052955912e-07,-1.003776281547448940e-01
2.806019533052957164e-07,-1.000151268117640962e-01
2.821800783052955769e-07,-9.967548083301477901e-02
2.837582033052955962e-07,-9.930534407854207934e-02
2.853363283052957214e-07,-9.884216800709948181e-02
2.869144533052955819e-07,-9.823108113022732679e-02
2.884925783052956012e-07,-9.744318171790150584e-02
2.900707033052956205e-07,-9.649108334088996042e-02
2.916488283052955868e-07,-9.543313116367563298e-02
2.932269533052956061e-07,-9.436599238937036505e-02
2.948050783052956254e-07,-9.340739724081846551e-02
2.963832033052955918e-07,-9.266777183500389536e-02
2.979613283052956111e-07,-9.222485267672977938e-02
2.995394533052955775e-07,-9.209986944521661445e-02
3.011175783052955968e-07,-9.224547895884495363e-02
3.026957033052956161e-07,-9.255217656043432384e-02
3.042738283052955824e-07,-9.286453348028078647e-02
3.058519533052957076e-07,-9.301698241236446008e-02
3.074300783052956210e-07,-9.287028062504051884e-02
3.090082033052955874e-07,-9.234434261554431977e-02
3.105863283052957126e-07,-9.144235949616062731e-02
3.121644533052956260e-07,-9.024893248051114869e-02
3.137425783052955924e-07,-8.891668481298478643e-02
3.153207033052957175e-07,-8.763052353240705084e-02
3.168988283052955780e-07,-8.656294961467658755e-02
3.184769533052955973e-07,-8.583588477076503631e-02
3.200550783052956166e-07,-8.548569599488332893e-02
3.216332033052955830e-07,-8.545794577084327159e-02
3.232113283052956023e-07,-8.561971845098005629e-02
3.247894533052956216e-07,-8.579199551460374440e-02
3.263675783052955879e-07,-8.579950904198112294e-02
3.279457033052956072e-07,-8.550960101070906316e-02
3.295238283052955736e-07,-8.487094330262454078e-02
3.311019533052955929e-07,-8.392535984082270806e-02
3.326800783052956122e-07,-8.279578291084513375e-02
3.342582033052955786e-07,-8.165880415239991363e-02
3.358363283052957038e-07,-8.069386767810858563e-02
3.374144533052956172e-07,-8.004202549654607091e-02
3.389925783052955835e-07,-7.976871467248777825e-02
3.405707033052957087e-07,-7.984564685214516622e-02
3.421488283052956221e-07,-8.016202071134104212e-02
3.437269533052955885e-07,-8.054506795008113673e-02
3.453050783052957137e-07,-8.080614375090650059e-02
3.468832033052955742e-07,-8.078392789734892276e-02
3.484613283052955935e-07,-8.038014324029325863e-02
3.500394533052956128e-07,-7.958532501017077931e-02
3.516175783052955791e-07,-7.847244949617102061e-02
3.531957033052955984e-07,-7.718239414559660561e-02
3.547738283052956177e-07,-7.588815019792988226e-02
3.563519533052955841e-07,-7.475298805834716676e-02
3.579300783052957093e-07,-7.389888323242656265e-02
3.595082033052956227e-07,-7.337618262163254912e-02
3.610863283052955891e-07,-7.316225163471164195e-02
3.626644533052957142e-07,-7.317202725774477057e-02
3.642425783052955747e-07,-7.328260737417092996e-02
3.658207033052955940e-07,-7.337071982528187153e-02
3.673988283052955074e-07,-7.333657276671168290e-02
3.689769533052955797e-07,-7.312875881644817500e-02
3.705550783052957049e-07,-7.274826158183925195e-02
3.721332033052955124e-07,-7.223710662559219842e-02
3.737113283052955846e-07,-7.166254376195872744e-02
3.752894533052957098e-07,-7.108618125773409624e-02
3.768675783052955174e-07,-7.054918554095120087e-02
3.784457033052955896e-07,-7.006165578870100774e-02
3.800238283052957148e-07,-6.960447459659999114e-02
3.816019533052955223e-07,-6.914783907304691835e-02
3.831800783052955946e-07,-6.866267575662597655e-02
3.847582033052957198e-07,-6.814039235450500276e-02
3.863363283052954744e-07,-6.759697217602643471e-02
3.879144533052955995e-07,-6.706620386413571222e-02
3.894925783052957247e-07,-6.658243100142444137e-02
3.910707033052954793e-07,-6.616748459007401606e-02
3.926488283052956045e-07,-6.580989588322579131e-02
3.942269533052956767e-07,-6.546814177692089620e-02
3.958050783052954843e-07,-6.508162427675738548e-02
3.973832033052956095e-07,-6.459254380811939311e-02
3.989613283052956817e-07,-6.397720170761254932e-02
4.005394533052954892e-07,-6.325704211120508624e-02
4.021175783052956144e-07,-6.250528638213381782e-02
4.036957033052956867e-07,-6.182805519011751183e-02
4.052738283052954942e-07,-6.133022446396459160e-02
4.068519533052956194e-07,-6.108317473858553698e-02
4.084300783052956916e-07,-6.108807420050078874e-02
4.100082033052956051e-07,-6.127044952418916890e-02
4.115863283052956244e-07,-6.149363818389769198e-02
4.131644533052956966e-07,-6.159422081063681970e-02
4.147425783052956100e-07,-6.143473286384090737e-02
4.163207033052955764e-07,-6.093966164384265194e-02
4.178988283052957016e-07,-6.012323667424152723e-02
4.194769533052956150e-07,-5.908320503681797203e-02
4.210550783052955813e-07,-5.796758428993766671e-02
4.226332033052957065e-07,-5.693159656413188108e-02
4.242113283052956199e-07,-5.608307909283610088e-02
4.257894533052955863e-07,-5.545570720616863764e-02
4.273675783052954997e-07,-5.500400859678666876e-02
4.289457033052956249e-07,-5.462709007040834203e-02
4.305238283052955913e-07,-5.421781960899484804e-02
4.321019533052955047e-07,-5.370324320962543280e-02
4.336800783052955769e-07,-5.308031101986133288e-02
4.352582033052955962e-07,-5.241823708334573950e-02
4.368363283052955097e-07,-5.183094883245519674e-02
4.384144533052955819e-07,-5.143529249156075789e-02
4.399925783052957071e-07,-5.129468613931049276e-02
4.415707033052955146e-07,-5.138899442373860010e-02
4.431488283052955869e-07,-5.160875691120807296e-02
4.447269533052957120e-07,-5.178262443630120282e-02
4.463050783052955196e-07,-5.173550272755182006e-02
4.478832033052955918e-07,-5.134209166126235679e-02
4.494613283052957170e-07,-5.057631892531266882e-02
4.510394533052955246e-07,-4.952394632465941665e-02
4.526175783052955968e-07,-4.835792266488927321e-02
4.541957033052957220e-07,-4.728937924017734273e-02
4.557738283052954766e-07,-4.649649385658464334e-02
4.573519533052956018e-07,-4.607263745720738962e-02
4.589300783052956740e-07,-4.599821833384024755e-02
4.605082033052954815e-07,-4.615011516661386703e-02
4.620863283052956067e-07,-4.635053303622652804e-02
4.636644533052956790e-07,-4.642325988389658237e-02
4.652425783052954865e-07,-4.625570984147207160e-02
4.668207033052956117e-07,-4.583206043421850923e-02
4.683988283052956839e-07,-4.523131421562363169e-02
4.699769533052954915e-07,-4.459713968755574937e-02
4.715550783052956166e-07,-4.407816667604685934e-02
4.731332033052956889e-07,-4.377681817947037812e-02
4.747113283052954964e-07,-4.371240116417129951e-02
4.762894533052956216e-07,-4.381521041646006115e-02
4.778675783052956939e-07,-4.395792650430988685e-02
4.794457033052955543e-07,-4.399844476798824705e-02
4.810238283052956266e-07,-4.383502843421854117e-02
4.826019533052956988e-07,-4.344114633488994209e-02
4.841800783052955593e-07,-4.287227195134957897e-02
4.857582033052956315e-07,-4.224790706174619964e-02
4.873363283052957038e-07,-4.170346882829194940e-02
4.889144533052955643e-07,-4.134567314563945134e-02
4.904925783052956365e-07,-4.121505974522538668e-02
4.920707033052954970e-07,-4.127257522241965099e-02
4.936488283052955692e-07,-4.141851087592460234e-02
4.952269533052956415e-07,-4.152353345651207256e-02
4.968050783052955019e-07,-4.147554719985616090e-02
4.983832033052955742e-07,-4.121365771607064798e-02
4.999613283052956464e-07,-4.074290308122990173e-02
5.015394533052955069e-07,-4.012430214493131753e-02
5.031175783052955792e-07,-3.945164408528430838e-02
5.046957033052956514e-07,-3.881055576993461265e-02
5.062738283052955119e-07,-3.825290961752794011e-02
5.078519533052955841e-07,-3.778250838596289296e-02
5.094300783052956564e-07,-3.736077521421123787e-02
5.110082033052955168e-07,-3.693402904453114283e-02
5.125863283052955891e-07,-3.645665082536059254e-02
5.141644533052956613e-07,-3.591814254100682974e-02
5.157425783052955218e-07,-3.535051232952739902e-02
5.173207033052955940e-07,-3.481766096925485721e-02
5.188988283052956663e-07,-3.439586421814191247e-02
5.204769533052955268e-07,-3.413896416942364259e-02
5.220550783052955990e-07,-3.405814450605131050e-02
5.236332033052956713e-07,-3.411159770827223991e-02
5.252113283052955317e-07,-3.421255811022776150e-02
5.267894533052956040e-07,-3.425828567367378286e-02
5.283675783052956762e-07,-3.415702989743815005e-02
5.299457033052955367e-07,-3.386087702640477870e-02
5.315238283052956089e-07,-3.338118684223039673e-02
5.331019533052956812e-07,-3.278577726104910800e-02
5.346800783052955417e-07,-3.218321150004187919e-02
5.362582033052956139e-07,-3.168612218684153242e-02
5.378363283052956861e-07,-3.138029401382318173e-02
5.394144533052955466e-07,-3.129689776074508906e-02
5.409925783052956189e-07,-3.140014797862696744e-02
5.425707033052956911e-07,-3.159846207312993344e-02
5.441488283052955516e-07,-3.176373333927508258e-02
5.457269533052956238e-07,-3.176866760493662900e-02
5.473050783052956961e-07,-3.152078174907878283e-02
5.488832033052955566e-07,-3.098758047428680842e-02
5.504613283052956288e-07,-3.021069270251722921e-02
5.520394533052954893e-07,-2.929251057720069079e-02
5.536175783052955615e-07,-2.837407623625958983e-02
5.551957033052956338e-07,-2.759801053362511900e-02
5.567738283052954942e-07,-2.707034967331146957e-02
5.583519533052955665e-07,-2.683580711308087077e-02
5.599300783052956387e-07,-2.686202838957730057e-02
5.615082033052954992e-07,-2.705141008976357994e-02
5.630863283052955714e-07,-2.726749781656350943e-02
5.646644533052956437e-07,-2.737244392363059886e-02
5.662425783052955042e-07,-2.726907749440803108e-02
5.678207033052955764e-07,-2.692432652008541066e-02
5.693988283052956486e-07,-2.638062870770301049e-02
5.709769533052955091e-07,-2.574093496852739027e-02
5.725550783052955814e-07,-2.513505795611757979e-02
5.741332033052956536e-07,-2.468131732956601113e-02
5.757113283052955141e-07,-2.444527257487262920e-02
5.772894533052955863e-07,-2.442137723596309040e-02
5.788675783052956586e-07,-2.453422882981631109e-02
5.804457033052955191e-07,-2.466267457853552059e-02
5.820238283052955913e-07,-2.468313807932270842e-02
5.836019533052956635e-07,-2.450726501210308966e-02
5.851800783052955240e-07,-2.411460914871750918e-02
5.867582033052955963e-07,-2.355887337905637063e-02
5.883363283052956685e-07,-2.294881734798873835e-02
5.899144533052955290e-07,-2.241330895556370092e-02
5.914925783052956012e-07,-2.205373266171345090e-02
5.930707033052956735e-07,-2.191097257176374130e-02
5.946488283052955340e-07,-2.195029635520441905e-02
5.962269533052956062e-07,-2.207246383515376956e-02
5.978050783052956784e-07,-2.215088681515765129e-02
5.993832033052955389e-07,-2.207269435863442111e-02
6.009613283052956112e-07,-2.178087697516326027e-02
6.025394533052956834e-07,-2.129376797934211946e-02
6.041175783052955439e-07,-2.069784797482113886e-02
6.056957033052956161e-07,-2.011952772646043858e-02
6.072738283052956884e-07,-1.967747292065026923e-02
6.088519533052955488e-07,-1.944289342359077979e-02
6.104300783052956211e-07,-1.941367976007675120e-02
6.120082033052956933e-07,-1.951438797746079049e-02
6.135863283052955538e-07,-1.962522337779061890e-02
6.151644533052956260e-07,-1.962144557758465843e-02
6.167425783052954865e-07,-1.941944031388660036e-02
6.183207033052955588e-07,-1.900548375522767910e-02
6.198988283052956310e-07,-1.844027158098933070e-02
6.214769533052954915e-07,-1.783662705377117921e-02
6.230550783052955637e-07,-1.732271414403711851e-02
6.246332033052956360e-07,-1.699370591564018998e-02
6.262113283052954965e-07,-1.688110456193885056e-02
6.277894533052955687e-07,-1.694118556232816070e-02
6.293675783052956409e-07,-1.706950346114275915e-02
6.309457033052955014e-07,-1.713987905953742036e-02
6.325238283052955737e-07,-1.704401038756735154e-02
6.341019533052956459e-07,-1.673079590288227905e-02
6.356800783052955064e-07,-1.622285360525220835e-02
6.372582033052955786e-07,-1.560805282832592941e-02
6.388363283052956509e-07,-1.501285026422212975e-02
6.404144533052955113e-07,-1.455676082589527943e-02
6.419925783052955836e-07,-1.431511526650361063e-02
6.435707033052956558e-07,-1.429323553220331056e-02
6.451488283052955163e-07,-1.442337692865396960e-02
6.467269533052955886e-07,-1.458835292589841064e-02
6.483050783052956608e-07,-1.465514789607436953e-02
6.498832033052955213e-07,-1.451886699537789996e-02
6.514613283052955935e-07,-1.413553285194379949e-02
6.530394533052956658e-07,-1.353650895789451983e-02
6.546175783052955262e-07,-1.282357379462678929e-02
6.561957033052955985e-07,-1.213785121164616052e-02
6.577738283052956707e-07,-1.162211578417740934e-02
6.593519533052955312e-07,-1.137949607394709954e-02
6.609300783052956034e-07,-1.144296088999085040e-02
6.625082033052956757e-07,-1.176737763414160975e-02
6.640863283052955362e-07,-1.223740625885980961e-02
6.656644533052956084e-07,-1.269968240620394061e-02
6.672425783052956807e-07,-1.300281954345229932e-02
6.688207033052955411e-07,-1.303683219171787935e-02
6.703988283052956134e-07,-1.276417075255462975e-02
6.719769533052956856e-07,-1.222568802635748061e-02
6.735550783052955461e-07,-1.153018987937521993e-02
6.751332033052956183e-07,-1.082241142491588079e-02
6.767113283052954788e-07,-1.024109184989309938e-02
6.782894533052955511e-07,-9.882192844973131107e-03
6.798675783052956233e-07,-9.769665180163150317e-03
6.814457033052954838e-07,-9.852344411278021047e-03
6.830238283052955560e-07,-1.002062721444560087e-02
6.846019533052956283e-07,-1.014065883204402947e-02
6.861800783052954887e-07,-1.009848791954147049e-02
6.877582033052955610e-07,-9.833113938348254229e-03
6.893363283052956332e-07,-9.357339335373315165e-03
6.909144533052954937e-07,-8.752635977781223972e-03
6.924925783052955660e-07,-8.141735046579763255e-03
6.940707033052956382e-07,-7.650076011781119928e-03
6.956488283052954987e-07,-7.361803255348754391e-03
6.972269533052955709e-07,-7.292824476599908678e-03
6.988050783052956432e-07,-7.383975290098813982e-03
7.003832033052955036e-07,-7.519176721839566230e-03
7.019613283052955759e-07,-7.565749306147317652e-03
7.035394533052956481e-07,-7.417432704290374997e-03
7.051175783052955086e-07,-7.034195040212199053e-03
7.066957033052955808e-07,-6.459566197163485110e-03
7.082738283052956531e-07,-5.811076453558473853e-03
7.098519533052955136e-07,-5.248571630078399664e-03
7.114300783052955858e-07,-4.923370226544276224e-03
7.130082033052956580e-07,-4.931731877770993873e-03
7.145863283052955185e-07,-5.281123380665479587e-03
7.161644533052955908e-07,-5.882143210837633210e-03
7.177425783052956630e-07,-6.571594319437210237e-03
7.193207033052955235e-07,-7.153719176188230895e-03
7.208988283052955957e-07,-7.455757176228323090e-03
7.224769533052956680e-07,-7.375847525693571619e-03
7.240550783052955285e-07,-6.911344044792037955e-03
7.256332033052956007e-07,-6.161711755574422744e-03
7.272113283052956729e-07,-5.299421822942143590e-03
7.287894533052955334e-07,-4.524832841735646795e-03
7.303675783052956057e-07,-4.011614143802974021e-03
7.319457033052956779e-07,-3.860339978430524926e-03
7.335238283052955384e-07,-4.072009152751641763e-03
7.351019533052956106e-07,-4.551663301118497387e-03
7.366800783052954711e-07,-5.132679784904782896e-03
7.382582033052955434e-07,-5.624692225521778915e-03
7.398363283052956156e-07,-5.864730908154957775e-03
7.414144533052954761e-07,-5.760082689313949372e-03
7.429925783052955483e-07,-5.313461160465710389e-03
7.445707033052956206e-07,-4.617414346488577653e-03
7.461488283052954810e-07,-3.827811147567397078e-03
7.477269533052955533e-07,-3.117636353913232940e-03
7.493050783052956255e-07,-2.626427717424076932e-03
7.508832033052954860e-07,-2.422461834513773941e-03
7.524613283052955582e-07,-2.481593714278237939e-03
7.540394533052956305e-07,-2.697736265441735056e-03
7.556175783052954910e-07,-2.916002321215921921e-03
7.571957033052955632e-07,-2.981134064654770988e-03
7.587738283052956354e-07,-2.788939609308259925e-03
7.603519533052954959e-07,-2.318947721204083889e-03
7.619300783052955682e-07,-1.645480145204160057e-03
7.635082033052956404e-07,-9.172896723867509381e-04
7.650863283052955009e-07,-3.132465226166847804e-04
7.666644533052955731e-07,1.028044383960280981e-05
7.682425783052956454e-07,-2.935896681314354014e-05
7.698207033052955059e-07,-4.149208546185687214e-04
7.713988283052955781e-07,-1.031252587022805011e-03
7.729769533052956503e-07,-1.697165179434739898e-03
7.745550783052955108e-07,-2.219653072672874046e-03
7.761332033052955831e-07,-2.447790060705687908e-03
7.777113283052956553e-07,-2.317176755858507946e-03
7.792894533052955158e-07,-1.865456399732865009e-03
7.808675783052955880e-07,-1.216345932711112958e-03
7.824457033052956603e-07,-5.397217624979949247e-04
7.840238283052955207e-07,4.337165673009480045e-06
7.856019533052955930e-07,3.132027199547356947e-04
7.871800783052956652e-07,3.709876532223376887e-04
7.887582033052955257e-07,2.491012517417007808e-04
7.903363283052955980e-07,7.702461068419467322e-05
7.919144533052956702e-07,-9.962149019634563971e-07
7.934925783052955307e-07,1.246531621883446102e-04
7.950707033052956029e-07,4.943526419211908846e-04
7.966488283052956752e-07,1.068312838923781002e-03
7.982269533052955356e-07,1.739579718460876941e-03
7.998050783052956079e-07,2.371107759723546128e-03
8.013832033052954684e-07,2.837049605971325977e-03
8.029613283052955406e-07,3.060370907318339141e-03
8.045394533052956128e-07,3.033339958542359983e-03
8.061175783052954733e-07,2.813682474496570149e-03
8.076957033052955456e-07,2.504406612515446169e-03
8.092738283052956178e-07,2.218856672625535952e-03
8.108519533052954783e-07,2.047073093415020025e-03
8.124300783052955505e-07,2.032318502965894166e-03
8.140082033052956228e-07,2.162074998434692936e-03
8.155863283052954833e-07,2.379684360032820797e-03
8.171644533052955555e-07,2.604922092879173069e-03
8.187425783052956277e-07,2.761173463596635052e-03
8.203207033052954882e-07,2.798989440628802967e-03
8.218988283052955605e-07,2.707751772705037103e-03
8.234769533052956327e-07,2.518369316343908003e-03
8.250550783052954932e-07,2.291449370539973794e-03
8.266332033052955654e-07,2.100414441169672942e-03
8.282113283052956377e-07,2.013150051652879899e-03
8.297894533052954981e-07,2.075591903762229878e-03
8.313675783052955704e-07,2.304553491363580883e-03
8.329457033052956426e-07,2.685170402396883788e-03
8.345238283052955031e-07,3.176173308147945979e-03
8.361019533052955754e-07,3.719485250142227049e-03
8.376800783052956476e-07,4.249914911794750415e-03
8.392582033052955081e-07,4.707532080348944027e-03
8.408363283052955803e-07,5.045322869678244004e-03
8.424144533052956526e-07,5.236031712755369848e-03
8.439925783052955130e-07,5.275780486946371126e-03
8.455707033052955853e-07,5.184737992078963277e-03
8.471488283052956575e-07,5.002910368066599937e-03
8.487269533052955180e-07,4.785920296015007576e-03
8.503050783052955902e-07,4.595608218174824719e-03
8.518832033052956625e-07,4.490517269609358569e-03
8.534613283052955230e-07,4.516509527497905747e-03
8.550394533052955952e-07,4.697161483547599575e-03
8.566175783052956674e-07,5.031037965370720351e-03
8.581957033052955279e-07,5.489940134208069582e-03
8.597738283052956002e-07,6.023551474514394176e-03
8.613519533052954607e-07,6.568210382899380279e-03
8.629300783052955329e-07,7.056567565352446850e-03
8.645082033052956051e-07,7.431594340728747000e-03
8.660863283052954656e-07,7.656157841216936627e-03
8.676644533052955379e-07,7.720824375515785397e-03
8.692425783052956101e-07,7.646400242229909987e-03
8.708207033052954706e-07,7.478410503904830628e-03
8.723988283052955428e-07,7.279156980497199225e-03
8.739769533052956151e-07,7.112611509645895384e-03
8.755550783052954755e-07,7.029464896145917047e-03
8.771332033052955478e-07,7.054619347727076988e-03
8.787113283052956200e-07,7.178865726393649643e-03
8.802894533052954805e-07,7.362243341011352055e-03
8.818675783052955528e-07,7.543496503705478598e-03
8.834457033052956250e-07,7.657934440101521988e-03
8.850238283052954855e-07,7.657941261881282859e-03
8.866019533052955577e-07,7.528961689107092382e-03
8.881800783052956300e-07,7.299776747403682355e-03
8.897582033052954904e-07,7.038428467836336730e-03
8.913363283052955627e-07,6.836988417452210393e-03
8.929144533052956349e-07,6.787320577593388381e-03
8.944925783052954954e-07,6.952756875563379652e-03
8.960707033052955676e-07,7.347405640290883243e-03
8.976488283052956399e-07,7.925104474935126472e-03
8.992269533052955004e-07,8.585642178690939749e-03
9.008050783052955726e-07,9.196636028229199580e-03
9.023832033052956448e-07,9.624622758528787736e-03
9.039613283052955053e-07,9.770926356597689835e-03
9.055394533052955776e-07,9.598404702834104768e-03
9.071175783052956498e-07,9.144767125719238665e-03
9.086957033052955103e-07,8.517367722823167286e-03
9.102738283052955825e-07,7.868874448018831763e-03
9.118519533052956548e-07,7.364248604148679322e-03
9.134300783052955153e-07,7.142060391461584057e-03
9.150082033052955875e-07,7.283540346628044650e-03
9.165863283052956597e-07,7.795461621150195572e-03
9.181644533052955202e-07,8.609093460025729269e-03
9.197425783052955925e-07,9.597815542184688631e-03
9.213207033052956647e-07,1.060397313572918922e-02
9.228988283052955252e-07,1.147168825922556014e-02
9.244769533052955974e-07,1.207697136511017011e-02
9.260550783052954579e-07,1.234807911119224950e-02
9.276332033052955301e-07,1.227606875034359044e-02
9.292113283052956024e-07,1.191219004345617054e-02
9.307894533052954629e-07,1.135587021673021071e-02
9.323675783052955351e-07,1.073587006643073917e-02
9.339457033052956074e-07,1.018692328428500923e-02
9.355238283052954678e-07,9.828250087949810809e-03
9.371019533052955401e-07,9.742941724416009572e-03
9.386800783052956123e-07,9.963346481799155788e-03
9.402582033052954728e-07,1.046402533355307932e-02
9.418363283052955450e-07,1.116277376664222970e-02
9.434144533052956173e-07,1.193416418354168937e-02
9.449925783052954778e-07,1.263037060417271026e-02
9.465707033052955500e-07,1.311012019010781952e-02
9.481488283052956222e-07,1.326931734250720932e-02
9.497269533052954827e-07,1.306530920705764945e-02
9.513050783052955550e-07,1.253149555749179939e-02
9.528832033052956272e-07,1.177369211344701967e-02
9.544613283052954877e-07,1.094981672589692007e-02
9.560394533052955599e-07,1.023544798029005047e-02
9.576175783052956322e-07,9.781917489180464581e-03
9.591957033052954927e-07,9.680081276743305457e-03
9.607738283052955649e-07,9.936077268020808428e-03
9.623519533052956371e-07,1.046863244211796926e-02
9.639300783052954976e-07,1.112865876880994934e-02
9.655082033052955699e-07,1.173705577628979084e-02
9.670863283052956421e-07,1.212938039708156938e-02
9.686644533052955026e-07,1.219962314040443953e-02
9.702425783052955748e-07,1.192674221357485978e-02
9.718207033052956471e-07,1.138034510664968045e-02
9.733988283052955075e-07,1.070294256223346986e-02
9.749769533052955798e-07,1.007296510632874932e-02
9.765550783052956520e-07,9.661662834471659855e-03
9.781332033052955125e-07,9.591344029596505713e-03
9.797113283052955848e-07,9.908441591938550730e-03
9.812894533052956570e-07,1.057634831957575926e-02
9.828675783052955175e-07,1.148732328865761931e-02
9.844457033052955897e-07,1.249134363071613928e-02
9.860238283052954502e-07,1.342996848514384049e-02
9.876019533052955224e-07,1.416906673283887044e-02
9.891800783052955947e-07,1.462203328220952961e-02
9.907582033052954552e-07,1.475832942556935985e-02
9.923363283052955274e-07,1.460156113350085001e-02
9.939144533052955996e-07,1.421608599748440047e-02
9.954925783052954601e-07,1.368997487664841070e-02
9.970707033052955324e-07,1.311786388170690931e-02
9.986488283052956046e-07,1.258596667131882049e-02
1.000226953305295042e-06,1.216271951070774932e-02
1.001805078305295961e-06,1.189184670106028033e-02
1.003383203305296033e-06,1.178897789954863953e-02
1.004961328305295047e-06,1.184097916099518914e-02
1.006539453305295966e-06,1.200758027043648084e-02
1.008117578305296038e-06,1.222863118078483004e-02
1.009695703305295052e-06,1.243439301855880051e-02
1.011273828305295971e-06,1.256058375666531043e-02
1.012851953305296043e-06,1.256462295881168034e-02
1.014430078305295056e-06,1.243801806806068937e-02
