-6.007031032282731083e-07,1.709819328971209917e-02
-5.991249782282731419e-07,1.716978497676019053e-02
-5.975468532282730697e-07,1.720118910001773929e-02
-5.959687282282731033e-07,1.719292323217437926e-02
-5.943906032282731370e-07,1.715526747506521121e-02
-5.928124782282730647e-07,1.710210027876650843e-02
-5.912343532282730984e-07,1.704679802891615956e-02
-5.896562282282731320e-07,1.700130911682462900e-02
-5.880781032282730598e-07,1.697847204842287128e-02
-5.864999782282730934e-07,1.699613864662479976e-02
-5.849218532282731271e-07,1.707966931916742037e-02
-5.833437282282731607e-07,1.726089070725530042e-02
-5.817656032282730885e-07,1.757181651835754144e-02
-5.801874782282731221e-07,1.803406125841780852e-02
-5.786093532282731557e-07,1.864713719010537007e-02
-5.770312282282730835e-07,1.937913413600956050e-02
-5.754531032282731171e-07,2.016479068813177913e-02
-5.738749782282731508e-07,2.091286335092493870e-02
-5.722968532282730785e-07,2.152256562154784142e-02
-5.707187282282731122e-07,2.190547458755768076e-02
-5.691406032282731458e-07,2.200706252219572154e-02
-5.675624782282730736e-07,2.182202558285714980e-02
-5.659843532282731072e-07,2.139802844147253164e-02
-5.644062282282731408e-07,2.082618362433560910e-02
-5.628281032282730686e-07,2.022030962643753954e-02
-5.612499782282731022e-07,1.969050271229853127e-02
-5.596718532282731359e-07,1.931837022579470028e-02
-5.580937282282730636e-07,1.914038267063206122e-02
-5.565156032282730973e-07,1.914385880723695060e-02
-5.549374782282731309e-07,1.927631743825933969e-02
-5.533593532282731646e-07,1.946408190341150993e-02
-5.517812282282730923e-07,1.963503207432300973e-02
-5.502031032282731259e-07,1.973791360238048853e-02
-5.486249782282731596e-07,1.975315146785668052e-02
-5.470468532282730873e-07,1.969306586735041983e-02
-5.454687282282731210e-07,1.959199486377755095e-02
-5.438906032282731546e-07,1.949167517305014016e-02
-5.423124782282730824e-07,1.942622265551548905e-02
-5.407343532282731160e-07,1.941198043074146909e-02
-5.391562282282731497e-07,1.944486253924426061e-02
-5.375781032282730774e-07,1.950515700668101898e-02
-5.359999782282731111e-07,1.956683995088890141e-02
-5.344218532282731447e-07,1.960793961593192830e-02
-5.328437282282730725e-07,1.961772670606232866e-02
-5.312656032282731061e-07,1.959874846910700935e-02
-5.296874782282731397e-07,1.956362709892785906e-02
-5.281093532282730675e-07,1.952857056829581869e-02
-5.265312282282731011e-07,1.950650579252303021e-02
-5.249531032282731348e-07,1.950257581855489170e-02
-5.233749782282730625e-07,1.951347273726485032e-02
-5.217968532282730962e-07,1.953048533374349832e-02
-5.202187282282731298e-07,1.954422153829658143e-02
-5.186406032282730576e-07,1.954921887471476952e-02
-5.170624782282730912e-07,1.954595259452034106e-02
-5.154843532282731248e-07,1.953982283226812083e-02
-5.139062282282731585e-07,1.953742488396768839e-02
-5.123281032282730862e-07,1.954280341677380045e-02
-5.107499782282731199e-07,1.955470059849873099e-02
-5.091718532282731535e-07,1.956678362193380039e-02
-5.075937282282730813e-07,1.957062661383325922e-02
-5.060156032282731149e-07,1.956028551175941974e-02
-5.044374782282731485e-07,1.953596673889160945e-02
-5.028593532282730763e-07,1.950545603847100851e-02
-5.012812282282731099e-07,1.948175230773348948e-02
-4.997031032282731436e-07,1.947782389934185968e-02
-4.981249782282730713e-07,1.950047581511998168e-02
-4.965468532282731050e-07,1.954597367628821067e-02
-4.949687282282731386e-07,1.959963174548605067e-02
-4.933906032282731723e-07,1.964013645411007841e-02
-4.918124782282731000e-07,1.964742784538224887e-02
-4.902343532282731337e-07,1.961150463216643908e-02
-4.886562282282731673e-07,1.953825748965588860e-02
-4.870781032282730951e-07,1.945026065738850868e-02
-4.854999782282731287e-07,1.938077091475601949e-02
-4.839218532282731623e-07,1.936258394024552992e-02
-4.823437282282730901e-07,1.941531907538748131e-02
-4.807656032282731237e-07,1.953501942296597890e-02
-4.791874782282731574e-07,1.969076375015904948e-02
-4.776093532282730851e-07,1.982956291596748091e-02
-4.760312282282731188e-07,1.988913501451151922e-02
-4.744531032282732053e-07,1.981495983454989104e-02
-4.728749782282730802e-07,1.957678412584627076e-02
-4.712968532282731138e-07,1.917963622735870122e-02
-4.697187282282730945e-07,1.866535257400801090e-02
-4.681406032282730752e-07,1.810398792767162895e-02
-4.665624782282731088e-07,1.757700762236411030e-02
-4.649843532282730895e-07,1.715754820318685092e-02
-4.634062282282731232e-07,1.689235235394205906e-02
-4.618281032282731039e-07,1.679108378888875125e-02
-4.602499782282730846e-07,1.682582964563543101e-02
-4.586718532282731182e-07,1.694098584048423992e-02
-4.570937282282730989e-07,1.707075450207144046e-02
-4.555156032282730796e-07,1.715939742477690100e-02
-4.539374782282731132e-07,1.717868463184838920e-02
-4.523593532282730939e-07,1.713754309895217098e-02
-4.507812282282730746e-07,1.708066915747884912e-02
-4.492031032282731083e-07,1.707658912643218035e-02
-4.476249782282730890e-07,1.719690822754319989e-02
-4.460468532282731226e-07,1.749281789944052978e-02
-4.444687282282732092e-07,1.797493215410850970e-02
-4.428906032282730840e-07,1.860260430245477131e-02
-4.413124782282731177e-07,1.928674943083109883e-02
-4.397343532282732042e-07,1.990660905425233052e-02
-4.381562282282730791e-07,2.033770530344641836e-02
-4.365781032282731127e-07,2.048388986832075029e-02
-4.349999782282730934e-07,2.030492721586961077e-02
-4.334218532282730741e-07,1.983063107064142114e-02
-4.318437282282731077e-07,1.915693688204266054e-02
-4.302656032282730884e-07,1.842285766392921104e-02
-4.286874782282731221e-07,1.777391929787269093e-02
-4.271093532282731028e-07,1.732220728466090168e-02
-4.255312282282730835e-07,1.711547153241478950e-02
-4.239531032282731171e-07,1.712494052641893097e-02
-4.223749782282730978e-07,1.725732075967700146e-02
-4.207968532282730785e-07,1.738824787500890118e-02
-4.192187282282731121e-07,1.740712216946565041e-02
-4.176406032282730928e-07,1.725889919430168007e-02
-4.160624782282730735e-07,1.696764700499343165e-02
-4.144843532282732131e-07,1.663295548145515834e-02
-4.129062282282730879e-07,1.639831355865832910e-02
-4.113281032282731215e-07,1.640065468790552136e-02
-4.097499782282732081e-07,1.671802343192090035e-02
-4.081718532282730829e-07,1.733303307443609040e-02
-4.065937282282731165e-07,1.812708730872734930e-02
-4.050156032282732031e-07,1.890967076793351881e-02
-4.034374782282730779e-07,1.947504816368553909e-02
-4.018593532282731116e-07,1.966867463666985977e-02
-4.002812282282730923e-07,1.944065171121323043e-02
-3.987031032282731259e-07,1.886779737750480038e-02
-3.971249782282731066e-07,1.813429467658356914e-02
-3.955468532282730873e-07,1.747572201998028041e-02
-3.939687282282731210e-07,1.710413258222016897e-02
-3.923906032282731017e-07,1.713859848450130854e-02
-3.908124782282730824e-07,1.756497195233636122e-02
-3.892343532282731160e-07,1.823947048169754018e-02
-3.876562282282730967e-07,1.893577412529217144e-02
-3.860781032282730774e-07,1.942053584285450066e-02
-3.844999782282732169e-07,1.953141757042708981e-02
-3.829218532282730917e-07,1.923205310753483069e-02
-3.813437282282731254e-07,1.862429859826983045e-02
-3.797656032282732119e-07,1.791362513512392146e-02
-3.781874782282730868e-07,1.733956836001587093e-02
-3.766093532282731204e-07,1.709499685000593142e-02
-3.750312282282732070e-07,1.726159141160306040e-02
-3.734531032282730818e-07,1.778354803060211084e-02
-3.718749782282731154e-07,1.848786803938323037e-02
-3.702968532282730961e-07,1.914366539873538914e-02
-3.687187282282730768e-07,1.953870165668105882e-02
-3.671406032282731105e-07,1.954761728235552068e-02
-3.655624782282730912e-07,1.916829722856822071e-02
-3.639843532282731248e-07,1.851536140479987172e-02
-3.624062282282731055e-07,1.777517644900915988e-02
-3.608281032282730862e-07,1.713950202862035005e-02
-3.592499782282731198e-07,1.674251372450652128e-02
-3.576718532282732064e-07,1.662258836286823957e-02
-3.560937282282730812e-07,1.672125048939630126e-02
-3.545156032282731149e-07,1.691746069808693076e-02
-3.529374782282730956e-07,1.708238247087516884e-02
-3.513593532282730763e-07,1.713290724994464068e-02
-3.497812282282731099e-07,1.706405069679945916e-02
-3.482031032282730906e-07,1.694824042487046156e-02
-3.466249782282731243e-07,1.690268939855649882e-02
-3.450468532282731050e-07,1.703794885831530145e-02
-3.434687282282730857e-07,1.740730421269549855e-02
-3.418906032282731193e-07,1.797697778968616877e-02
-3.403124782282732059e-07,1.862870076322927990e-02
-3.387343532282730807e-07,1.919454672140979978e-02
-3.371562282282731143e-07,1.951203535726795876e-02
-3.355781032282730950e-07,1.948036051623153880e-02
-3.339999782282730757e-07,1.909826353688711884e-02
-3.324218532282731094e-07,1.847009566535788919e-02
-3.308437282282730901e-07,1.777744098623829094e-02
-3.292656032282731237e-07,1.722616474452242849e-02
-3.276874782282732103e-07,1.698518277404912832e-02
-3.261093532282730851e-07,1.713691232337671150e-02
-3.245312282282731187e-07,1.765459489832766141e-02
-3.229531032282732053e-07,1.841257091943410834e-02
-3.213749782282730801e-07,1.922569543897242883e-02
-3.197968532282731138e-07,1.990400742679127033e-02
-3.182187282282730945e-07,2.030644163385781839e-02
-3.166406032282730752e-07,2.037733660776675990e-02
-3.150624782282731088e-07,2.015576921561039112e-02
-3.134843532282730895e-07,1.975703561163113034e-02
-3.119062282282731231e-07,1.933336723892980016e-02
-3.103281032282732097e-07,1.902664432895815119e-02
-3.087499782282730845e-07,1.892745485477783859e-02
-3.071718532282731182e-07,1.905207264684273885e-02
-3.055937282282732048e-07,1.934305712856167897e-02
-3.040156032282730796e-07,1.969176193944149889e-02
-3.024374782282731132e-07,1.997528932522335890e-02
-3.008593532282730939e-07,2.009633110516172855e-02
-2.992812282282730746e-07,2.001396590750081916e-02
-2.977031032282731083e-07,1.975634888460198885e-02
-2.961249782282730890e-07,1.941185213844007912e-02
-2.945468532282731226e-07,1.910108442313396965e-02
-2.929687282282732092e-07,1.893802096668712950e-02
-2.913906032282730840e-07,1.899189477112474961e-02
-2.898124782282731176e-07,1.926124878638572901e-02
-2.882343532282732042e-07,1.966932568793141115e-02
-2.866562282282730790e-07,2.008252137829774978e-02
-2.850781032282731127e-07,2.034823856200843051e-02
-2.834999782282730934e-07,2.034148156910436933e-02
-2.819218532282730741e-07,2.000581474362094977e-02
-2.803437282282732136e-07,1.937708894970013168e-02
-2.787656032282730884e-07,1.857977862999023871e-02
-2.771874782282731220e-07,1.779637784760144947e-02
-2.756093532282732086e-07,1.721716132915182898e-02
-2.740312282282730834e-07,1.698461028452427982e-02
-2.724531032282731171e-07,1.714973297431107019e-02
-2.708749782282732037e-07,1.765348298047669101e-02
-2.692968532282730785e-07,1.834091158173352040e-02
-2.677187282282731121e-07,1.900469683862556977e-02
-2.661406032282730928e-07,1.944583157878913143e-02
-2.645624782282731264e-07,1.953269134895815884e-02
-2.629843532282732130e-07,1.924118055769317992e-02
-2.614062282282730878e-07,1.866244197009159916e-02
-2.598281032282731215e-07,1.797552528900188060e-02
-2.582499782282732081e-07,1.739286421125395971e-02
-2.566718532282730829e-07,1.709587303344841866e-02
-2.550937282282731165e-07,1.717945482503534932e-02
-2.535156032282732031e-07,1.762309412009072096e-02
-2.519374782282730779e-07,1.829695643204801853e-02
-2.503593532282732174e-07,1.900077384074034051e-02
-2.487812282282730923e-07,1.952288518517580895e-02
-2.472031032282731259e-07,1.970146108574781854e-02
-2.456249782282732125e-07,1.946970507042308091e-02
-2.440468532282730873e-07,1.887218764577567112e-02
-2.424687282282731209e-07,1.804865218402837077e-02
-2.408906032282732075e-07,1.719262904937777017e-02
-2.393124782282730823e-07,1.649760163377975847e-02
-2.377343532282730895e-07,1.610750565151223071e-02
-2.361562282282730967e-07,1.608511261316306062e-02
-2.345781032282731038e-07,1.640559880825857159e-02
-2.329999782282731904e-07,1.697407737690011936e-02
-2.314218532282730917e-07,1.765877532512351994e-02
-2.298437282282730989e-07,1.832891746761020069e-02
-2.282656032282732119e-07,1.888568005139861991e-02
-2.266874782282731132e-07,1.927863749651295006e-02
-2.251093532282730939e-07,1.950566871866757021e-02
-2.235312282282732070e-07,1.960009830460847022e-02
-2.219531032282731082e-07,1.961136902211415081e-02
-2.203749782282730889e-07,1.958671200831945888e-02
-2.187968532282730961e-07,1.955894163463213833e-02
-2.172187282282731033e-07,1.954303576105775875e-02
-2.156406032282731899e-07,1.953963279852731841e-02
-2.140624782282730911e-07,1.954229864479136922e-02
-2.124843532282730983e-07,1.954457624729177140e-02
-2.109062282282732114e-07,1.954380417185478877e-02
-2.093281032282731127e-07,1.954145898881617938e-02
-2.077499782282730934e-07,1.954060607182584938e-02
-2.061718532282732064e-07,1.954288543298614983e-02
-2.045937282282731077e-07,1.954688494501366849e-02
-2.030156032282731943e-07,1.954880822614461083e-02
-2.014374782282730956e-07,1.954494963973235980e-02
-1.998593532282731027e-07,1.953448586584317914e-02
-1.982812282282731893e-07,1.952090116421079102e-02
-1.967031032282730906e-07,1.951108858354280023e-02
-1.951249782282730978e-07,1.951211288296907098e-02
-1.935468532282732108e-07,1.952745166230120122e-02
-1.919687282282731121e-07,1.955417558364608982e-02
-1.903906032282730928e-07,1.958289404075978096e-02
-1.888124782282732058e-07,1.960083561533888102e-02
-1.872343532282731071e-07,1.959711859518159169e-02
-1.856562282282731937e-07,1.956812968015845047e-02
-1.840781032282730950e-07,1.952064654960846898e-02
-1.824999782282731022e-07,1.947096720844304976e-02
-1.809218532282731887e-07,1.943979589466730828e-02
-1.793437282282730900e-07,1.944437879064435035e-02
-1.777656032282730972e-07,1.949059016187150092e-02
-1.761874782282732103e-07,1.956839836845288005e-02
-1.746093532282731115e-07,1.965255375215611139e-02
-1.730312282282731981e-07,1.970957981546908946e-02
-1.714531032282732053e-07,1.970917105740016897e-02
-1.698749782282731066e-07,1.963656823552131087e-02
-1.682968532282731932e-07,1.950175791540689069e-02
-1.667187282282730944e-07,1.934185653308969147e-02
-1.651406032282731016e-07,1.921493649450568136e-02
-1.635624782282731882e-07,1.918620296523681004e-02
-1.619843532282730895e-07,1.930967097023355075e-02
-1.604062282282730967e-07,1.961096338196187047e-02
-1.588281032282732097e-07,2.007512885650166931e-02
-1.572499782282731110e-07,2.064449905533767907e-02
-1.556718532282731976e-07,2.122732942530134934e-02
-1.540937282282732047e-07,2.171487706995212097e-02
-1.525156032282731060e-07,2.200465152125085852e-02
-1.509374782282731926e-07,2.202179076219476159e-02
-1.493593532282730939e-07,2.173578234584919167e-02
-1.477812282282731011e-07,2.116783190484600868e-02
-1.462031032282731876e-07,2.038636683883457076e-02
-1.446249782282730889e-07,1.949597448310264047e-02
-1.430468532282730961e-07,1.861681244604746974e-02
-1.414687282282732091e-07,1.786418342594310940e-02
-1.398906032282731104e-07,1.733032905235152091e-02
-1.383124782282731970e-07,1.706951096606371121e-02
-1.367343532282732042e-07,1.709493874181420084e-02
-1.351562282282731055e-07,1.737651145989791909e-02
-1.335781032282731920e-07,1.784890332318164047e-02
-1.319999782282730933e-07,1.842435368507119170e-02
-1.304218532282731005e-07,1.900483509256102946e-02
-1.288437282282731871e-07,1.950291762847189067e-02
-1.272656032282730884e-07,1.985082558327650945e-02
-1.256874782282732014e-07,2.001280470547994045e-02
-1.241093532282732086e-07,1.999716604944202017e-02
-1.225312282282731099e-07,1.982591655121326152e-02
-1.209531032282731965e-07,1.958115618966577848e-02
-1.193749782282730977e-07,1.934064182534533938e-02
-1.177968532282731049e-07,1.917538919891444843e-02
-1.162187282282732047e-07,1.915585223316878041e-02
-1.146406032282731987e-07,1.924736725797426135e-02
-1.130624782282731000e-07,1.947584370267943163e-02
-1.114843532282731998e-07,1.977189548765790131e-02
-1.099062282282731937e-07,2.002858330711780946e-02
-1.083281032282730950e-07,2.016981735707626053e-02
-1.067499782282731948e-07,2.003381462615300840e-02
-1.051718532282732020e-07,1.968210201142168991e-02
-1.035937282282731033e-07,1.915291116962167944e-02
-1.020156032282732031e-07,1.851996687611183121e-02
-1.004374782282731970e-07,1.792506728665951149e-02
-9.885935322827311153e-08,1.739218330944132876e-02
-9.728122822827314517e-08,1.711852160274750928e-02
-9.570310322827317881e-08,1.716677710572774018e-02
-9.412497822827310657e-08,1.751544568138704849e-02
-9.254685322827314021e-08,1.810547127213244997e-02
-9.096872822827317384e-08,1.872471647456975044e-02
-8.939060322827310160e-08,1.931769024068005075e-02
-8.781247822827313524e-08,1.978118333804549170e-02
-8.623435322827316888e-08,2.004217595272464111e-02
-8.465622822827320252e-08,2.010259047001788923e-02
-8.307810322827313028e-08,1.993496749349945099e-02
-8.149997822827316392e-08,1.967479494620082148e-02
-7.992185322827319755e-08,1.942236391161545131e-02
-7.834372822827312531e-08,1.925359138149003099e-02
-7.676560322827315895e-08,1.920571557147866121e-02
-7.518747822827319259e-08,1.928183736232175899e-02
-7.360935322827312035e-08,1.943272443164623109e-02
-7.203122822827315399e-08,1.962162145107895078e-02
-7.045310322827318763e-08,1.978198473120755876e-02
-6.887497822827311539e-08,1.985670353788301923e-02
-6.729685322827314902e-08,1.982134881530598844e-02
-6.571872822827318266e-08,1.967149097130967833e-02
-6.414060322827311042e-08,1.946354475355446118e-02
-6.256247822827314406e-08,1.925787898914229149e-02
-6.098435322827317770e-08,1.912201832184963132e-02
-5.940622822827311208e-08,1.912307435663775090e-02
-5.782810322827313910e-08,1.929610922226163150e-02
-5.624997822827317273e-08,1.966620471195533112e-02
-5.467185322827321299e-08,2.019986758633162890e-02
-5.309372822827312752e-08,2.081664497657345972e-02
-5.151560322827316777e-08,2.140491530375046927e-02
-4.993747822827320141e-08,2.182985270928615093e-02
-4.835935322827312917e-08,2.199234741941063012e-02
-4.678122822827316281e-08,2.183122583583399848e-02
-4.520310322827320306e-08,2.136017448985123163e-02
-4.362497822827311759e-08,2.068457302571826903e-02
-4.204685322827315784e-08,1.998226779012023113e-02
-4.046872822827319148e-08,1.949009786306683117e-02
-3.889060322827311924e-08,1.942843176315733889e-02
-3.731247822827315288e-08,1.994655656565549884e-02
-3.573435322827319314e-08,2.107503828583829134e-02
-3.415622822827310766e-08,2.269700894616293041e-02
-3.257810322827314792e-08,2.457724854554575039e-02
-3.099997822827318155e-08,2.640515218496098868e-02
-2.942185322827310931e-08,2.788433230801434098e-02
-2.784372822827313964e-08,2.882838493031032040e-02
-2.626560322827317990e-08,2.923263122860854032e-02
-2.468747822827321023e-08,2.931154978132139918e-02
-2.310935322827314130e-08,2.946134559486930996e-02
-2.153122822827317163e-08,3.016749741362392129e-02
-1.995310322827320857e-08,3.186467676857578091e-02
-1.837497822827312971e-08,3.478115588324193208e-02
-1.679685322827316997e-08,3.881535055402283302e-02
-1.521872822827320030e-08,4.348137964236283709e-02
-1.364060322827312971e-08,4.796346659443224969e-02
-1.206247822827316004e-08,5.129087534076994664e-02
-1.048435322827320030e-08,5.262063775467210741e-02
-8.906228228273123096e-09,5.158674308730566010e-02
-7.328103228273156734e-09,4.865968889178101664e-02
-5.749978228273190373e-09,4.542988752349889220e-02
-4.171853228273118132e-09,4.474295975831397987e-02
-2.593728228273152184e-09,5.063186937183712655e-02
-1.015603228273184995e-09,6.801262336894729754e-02
5.625217717268868320e-10,1.021783563834817998e-01
2.140646771726853194e-09,1.581384610203110941e-01
3.718771771726819969e-09,2.399127473559690138e-01
5.296896771726891796e-09,3.498998225516101179e-01
6.875021771726858158e-09,4.883932959484523773e-01
8.453146771726824519e-09,6.534065486695060931e-01
1.003127177172678923e-08,8.407813601724607455e-01
1.160939677172685981e-08,1.044583610234943949e+00
1.318752177172682948e-08,1.257699223130199995e+00
1.476564677172680081e-08,1.472419877984832981e+00
1.634377177172687139e-08,1.681182805918659096e+00
1.792189677172683114e-08,1.877106613827860038e+00
1.950002177172680081e-08,2.054364654914897947e+00
2.107814677172686974e-08,2.208372918829130782e+00
2.265627177172683941e-08,2.335630359191020133e+00
2.423439677172680908e-08,2.433837856894534024e+00
2.581252177172688132e-08,2.501790321685330998e+00
2.739064677172684107e-08,2.539312207263078935e+00
2.896877177172681074e-08,2.547246848645822848e+00
3.054689677172688298e-08,2.527189523940252869e+00
3.212502177172684934e-08,2.481687206318822891e+00
3.370314677172682232e-08,2.414083294401546009e+00
3.528127177172688794e-08,2.328308498145478023e+00
3.685939677172684769e-08,2.228624577856765931e+00
3.843752177172682066e-08,2.119089071223374976e+00
4.001564677172678703e-08,2.003491092445386812e+00
4.159377177172685927e-08,1.885113845422428103e+00
4.317189677172683225e-08,1.766639823399509979e+00
4.475002177172679199e-08,1.650202982002525021e+00
4.632814677172685761e-08,1.537364196200146971e+00
4.790627177172683059e-08,1.429417247248971012e+00
4.948439677172679695e-08,1.327503845481659006e+00
5.106252177172686919e-08,1.232648508890086925e+00
5.264064677172684217e-08,1.145723318459858087e+00
5.421877177172680192e-08,1.067243396022580004e+00
5.579689677172686754e-08,9.973277715763911866e-01
5.737502177172684052e-08,9.356254755402210188e-01
5.895314677172680688e-08,8.813123554654955782e-01
6.053127177172687912e-08,8.332071326962983138e-01
6.210939677172684548e-08,7.899023851031755639e-01
6.368752177172681185e-08,7.500339622722915767e-01
6.526564677172688409e-08,7.124938406381567946e-01
6.684377177172685045e-08,6.765369759030069874e-01
6.842189677172681681e-08,6.417956917257860994e-01
7.000002177172678317e-08,6.081534003929872645e-01
7.157814677172685541e-08,5.756248767845407732e-01
7.315627177172682177e-08,5.442323780852182935e-01
7.473439677172678813e-08,5.138967405237852004e-01
7.631252177172686038e-08,4.844131738050562741e-01
7.789064677172682674e-08,4.554746948070262924e-01
7.946877177172679310e-08,4.267767967114645122e-01
8.104689677172686534e-08,3.981457534559357803e-01
8.262502177172683170e-08,3.695995379836671257e-01
8.420314677172679806e-08,3.413554917792228083e-01
8.578127177172687030e-08,3.137621446115875790e-01
8.735939677172683666e-08,2.871987085988513821e-01
8.893752177172680303e-08,2.619945689210971262e-01
9.051564677172687527e-08,2.383447015642141120e-01
9.209377177172684163e-08,2.162820622676079885e-01
9.367189677172680799e-08,1.957022708730996041e-01
9.525002177172688023e-08,1.764217765875142896e-01
9.682814677172684659e-08,1.582780861168084918e-01
9.840627177172681295e-08,1.411832526880890115e-01
9.998439677172677932e-08,1.251425499510619987e-01
1.015625217717269045e-07,1.102350190827097037e-01
1.031406467717268047e-07,9.654752829444782081e-02
1.047187717717267975e-07,8.413374138532904445e-02
1.062968967717268962e-07,7.296427519987076782e-02
1.078750217717267964e-07,6.291173527249944997e-02
1.094531467717268025e-07,5.377973905320238696e-02
1.110312717717269012e-07,4.533550067997024757e-02
1.126093967717268014e-07,3.737967233598323696e-02
1.141875217717267942e-07,2.978077158538956076e-02
1.157656467717269062e-07,2.248352888264500138e-02
1.173437717717268063e-07,1.549974329676580970e-02
1.189218967717267992e-07,8.854754700207450452e-03
1.205000217717268979e-07,2.561708567270979970e-03
1.220781467717268113e-07,-3.409825753016041024e-03
1.236562717717268041e-07,-9.140695105609985063e-03
1.252343967717269028e-07,-1.473084141730080995e-02
1.268125217717267898e-07,-2.027936603036498836e-02
1.283906467717268091e-07,-2.583596449706068027e-02
1.299687717717268019e-07,-3.138457515485453680e-02
1.315468967717267948e-07,-3.685119041280236762e-02
1.331250217717267876e-07,-4.211833677966581729e-02
1.347031467717268069e-07,-4.708016411662443307e-02
1.362812717717269056e-07,-5.166799320998433087e-02
1.378593967717267926e-07,-5.587494258836289696e-02
1.394375217717268119e-07,-5.976530991295798956e-02
1.410156467717269106e-07,-6.340886718159688407e-02
1.425937717717267975e-07,-6.688548430689215951e-02
1.441718967717267904e-07,-7.023470100751211254e-02
1.457500217717268891e-07,-7.345045797206670168e-02
1.473281467717268025e-07,-7.651896362320287359e-02
1.489062717717267953e-07,-7.934504472914832851e-02
1.504843967717268940e-07,-8.187285279778039326e-02
1.520625217717268074e-07,-8.408125028304805348e-02
1.536406467717268003e-07,-8.602143133779747985e-02
1.552187717717268990e-07,-8.781611894843678601e-02
1.567968967717268124e-07,-8.968893542995561019e-02
1.583750217717268052e-07,-9.162660788719226290e-02
1.599531467717269040e-07,-9.369027892508874356e-02
1.615312717717267909e-07,-9.582613463556491351e-02
1.631093967717268102e-07,-9.793076370960994426e-02
1.646875217717268030e-07,-9.995708251144198864e-02
1.662656467717267959e-07,-1.016645959943616034e-01
1.678437717717267887e-07,-1.030160952996131973e-01
1.694218967717268080e-07,-1.040307368857902037e-01
1.710000217717269067e-07,-1.048324693356182946e-01
1.725781467717267937e-07,-1.056720355328497063e-01
1.741562717717268130e-07,-1.066302794974150064e-01
1.757343967717269117e-07,-1.078348186073978948e-01
1.773125217717267986e-07,-1.092854509260628021e-01
1.788906467717267915e-07,-1.108885655328171044e-01
1.804687717717268902e-07,-1.125268852031277994e-01
1.820468967717268036e-07,-1.139419068665697976e-01
1.836250217717267964e-07,-1.149812692713538947e-01
1.852031467717268951e-07,-1.155533798431010034e-01
1.867812717717268086e-07,-1.156762722064078042e-01
1.883593967717268014e-07,-1.154959294553423998e-01
1.899375217717269001e-07,-1.151319170045392026e-01
1.915156467717267871e-07,-1.147537310077239026e-01
1.930937717717268064e-07,-1.144762034401699963e-01
1.946718967717267992e-07,-1.143554786150227931e-01
1.962500217717267920e-07,-1.144146046170853026e-01
1.978281467717268113e-07,-1.145828998505162011e-01
1.994062717717268041e-07,-1.148200961992608959e-01
2.009843967717267970e-07,-1.151018741838342047e-01
2.025625217717267898e-07,-1.154439639729658018e-01
2.041406467717268091e-07,-1.159078413865556045e-01
2.057187717717269078e-07,-1.165077254545377056e-01
2.072968967717267948e-07,-1.172447539865971999e-01
2.088750217717267876e-07,-1.180563600962284965e-01
2.104531467717269128e-07,-1.188293018556167008e-01
2.120312717717267997e-07,-1.194403697942822973e-01
2.136093967717267926e-07,-1.197521704953346949e-01
2.151875217717268913e-07,-1.197040101769081960e-01
2.167656467717268047e-07,-1.193190647820644990e-01
2.183437717717267975e-07,-1.187111811940667061e-01
2.199218967717268962e-07,-1.180629867988483017e-01
2.215000217717268097e-07,-1.175396330444802989e-01
2.230781467717268025e-07,-1.172614645041755027e-01
2.246562717717267953e-07,-1.172494564053058047e-01
2.262343967717267882e-07,-1.174197588537411047e-01
2.278125217717268075e-07,-1.176164620041959957e-01
2.293906467717268003e-07,-1.176445278911054937e-01
2.309687717717267931e-07,-1.173531463399988956e-01
2.325468967717268124e-07,-1.166818485943560968e-01
2.341250217717268053e-07,-1.156867128841223974e-01
2.357031467717269040e-07,-1.145297073255497067e-01
2.372812717717267909e-07,-1.134165695274911984e-01
2.388593967717267838e-07,-1.125414870904697939e-01
2.404375217717269089e-07,-1.120235614811602998e-01
2.420156467717268224e-07,-1.118729543021298040e-01
2.435937717717267887e-07,-1.119950207682767068e-01
2.451718967717269139e-07,-1.122182761905309023e-01
2.467500217717267744e-07,-1.123581108298832981e-01
2.483281467717267937e-07,-1.122767854133036036e-01
2.499062717717269189e-07,-1.119262641037766931e-01
2.514843967717267793e-07,-1.113602055081235054e-01
2.530625217717267986e-07,-1.107049488098752060e-01
2.546406467717268179e-07,-1.101128559147727948e-01
2.562187717717267843e-07,-1.097089169776379047e-01
2.577968967717268036e-07,-1.095484282053323932e-01
2.593750217717268229e-07,-1.096017729618217057e-01
2.609531467717267893e-07,-1.097658515010887931e-01
2.625312717717268086e-07,-1.099010794007704989e-01
2.641093967717267749e-07,-1.098813733396715037e-01
2.656875217717267942e-07,-1.096343595338816063e-01
2.672656467717268135e-07,-1.091610518539895963e-01
2.688437717717267799e-07,-1.085301212191908948e-01
2.704218967717269051e-07,-1.078423966276141066e-01
2.720000217717268185e-07,-1.071972208656471054e-01
2.735781467717267849e-07,-1.066540975846784062e-01
2.751562717717269100e-07,-1.062129055381944021e-01
2.767343967717268235e-07,-1.058170763735715031e-01
2.783125217717267898e-07,-1.053737517554693970e-01
2.798906467717269150e-07,-1.047921285720246065e-01
2.814687717717267755e-07,-1.040179539212650051e-01
2.830468967717267948e-07,-1.030552106828824949e-01
2.846250217717269200e-07,-1.019681727631369939e-01
2.862031467717267805e-07,-1.008624082790897936e-01
2.877812717717267998e-07,-9.985359164397547560e-02
2.893593967717268191e-07,-9.903438679229607799e-02
2.909375217717267854e-07,-9.844742846195266017e-02
2.925156467717268047e-07,-9.807447505133366772e-02
2.940937717717268240e-07,-9.784507496986835640e-02
2.956718967717267904e-07,-9.765759529147724494e-02
2.972500217717268097e-07,-9.741210749841608396e-02
2.988281467717267760e-07,-9.703776912449819936e-02
3.004062717717267953e-07,-9.651012321615326517e-02
3.019843967717268146e-07,-9.585625140432907365e-02
3.035625217717267810e-07,-9.513987253949471312e-02
3.051406467717269062e-07,-9.444280916475801535e-02
3.067187717717268196e-07,-9.383850089784304127e-02
3.082968967717267860e-07,-9.336931473781895363e-02
3.098750217717269112e-07,-9.303691106271945455e-02
3.114531467717268246e-07,-9.279721672893816165e-02
3.130312717717267909e-07,-9.257516063953377672e-02
3.146093967717269161e-07,-9.228256578006302502e-02
3.161875217717267766e-07,-9.183928235976968057e-02
3.177656467717267959e-07,-9.119719758841643431e-02
3.193437717717268152e-07,-9.034824021275306150e-02
3.209218967717267816e-07,-8.933313992340663479e-02
3.225000217717268009e-07,-8.823405449831464575e-02
3.240781467717268202e-07,-8.715811841861276221e-02
3.256562717717267865e-07,-8.622017951225255383e-02
3.272343967717268058e-07,-8.551327362065490323e-02
3.288125217717268251e-07,-8.509202113966250758e-02
3.303906467717267915e-07,-8.495707751300929367e-02
3.319687717717268108e-07,-8.505030201743392360e-02
3.335468967717267772e-07,-8.526792385704376476e-02
3.351250217717267965e-07,-8.547491137984873644e-02
3.367031467717268158e-07,-8.553801991391550563e-02
3.382812717717267821e-07,-8.535515693865940168e-02
3.398593967717269073e-07,-8.487954517915821673e-02
3.414375217717268207e-07,-8.413769340921208040e-02
3.430156467717267871e-07,-8.322016273382487617e-02
3.445937717717269123e-07,-8.226606990407955844e-02
3.461718967717268257e-07,-8.142819528022664233e-02
3.477500217717267920e-07,-8.083249610836283627e-02
3.493281467717268113e-07,-8.054891116452532474e-02
3.509062717717267777e-07,-8.056461176947836422e-02
3.524843967717267970e-07,-8.078951294710308428e-02
3.540625217717268163e-07,-8.107658758084221318e-02
3.556406467717267827e-07,-8.125804169032077584e-02
3.572187717717269078e-07,-8.119371086932482273e-02
3.587968967717268213e-07,-8.080099192706276245e-02
3.603750217717267876e-07,-8.007994510536602106e-02
3.619531467717269128e-07,-7.910872003115017315e-02
3.635312717717268262e-07,-7.801683881377190211e-02
3.651093967717267926e-07,-7.695069201604383402e-02
3.666875217717267060e-07,-7.602544474192604596e-02
3.682656467717267783e-07,-7.529943981439553291e-02
3.698437717717269034e-07,-7.476214876873765736e-02
3.714218967717267110e-07,-7.434485746443017518e-02
3.730000217717267832e-07,-7.395574688282037512e-02
3.745781467717269084e-07,-7.351127308921807935e-02
3.761562717717267159e-07,-7.297328140480130454e-02
3.777343967717267882e-07,-7.236307355867653557e-02
3.793125217717269134e-07,-7.175280868919611810e-02
3.808906467717267209e-07,-7.124298413773799687e-02
3.824687717717267932e-07,-7.091753083234346444e-02
3.840468967717269183e-07,-7.081254917964753537e-02
3.856250217717267259e-07,-7.089376246111983582e-02
3.872031467717267981e-07,-7.105801602119569960e-02
3.887812717717269233e-07,-7.115739993851774581e-02
3.903593967717266779e-07,-7.104659503094097606e-02
3.919375217717268031e-07,-7.062112638808205889e-02
3.935156467717268753e-07,-6.985698747064798819e-02
3.950937717717266829e-07,-6.882179193801191142e-02
3.966718967717268080e-07,-6.765935161971997625e-02
3.982500217717268803e-07,-6.655833927102676462e-02
3.998281467717266878e-07,-6.569539883313699202e-02
4.014062717717268130e-07,-6.519179028644846163e-02
4.029843967717268852e-07,-6.507874782913482259e-02
4.045625217717266928e-07,-6.528711854272646609e-02
4.061406467717268180e-07,-6.567020967558497013e-02
4.077187717717268902e-07,-6.603458466572803554e-02
4.092968967717268036e-07,-6.619281996206252683e-02
4.108750217717268229e-07,-6.600725165449809750e-02
4.124531467717268952e-07,-6.541943361781736577e-02
4.140312717717268086e-07,-6.446509599136276969e-02
4.156093967717267750e-07,-6.325486236783672833e-02
4.171875217717269001e-07,-6.194907287222486264e-02
4.187656467717268136e-07,-6.071750571027013932e-02
4.203437717717267799e-07,-5.970023949832428678e-02
4.219218967717269051e-07,-5.898501774506949985e-02
4.235000217717268185e-07,-5.858803718301577174e-02
4.250781467717267849e-07,-5.846214946085512981e-02
4.266562717717266983e-07,-5.851293186504728794e-02
4.282343967717268235e-07,-5.862300172891791311e-02
4.298125217717267899e-07,-5.868418662605551228e-02
4.313906467717267033e-07,-5.861355718791604746e-02
4.329687717717267755e-07,-5.837098363125248907e-02
4.345468967717267948e-07,-5.795997116930762943e-02
4.361250217717267082e-07,-5.741812214900549050e-02
4.377031467717267805e-07,-5.680659125956522698e-02
4.392812717717269057e-07,-5.618579263502231774e-02
4.408593967717267132e-07,-5.560360978618843902e-02
4.424375217717267854e-07,-5.508371731551139211e-02
4.440156467717269106e-07,-5.462181715559989714e-02
4.455937717717267182e-07,-5.419586305028085277e-02
4.471718967717267904e-07,-5.377163806317589861e-02
4.487500217717269156e-07,-5.332067683724993346e-02
4.503281467717267231e-07,-5.283114481520292255e-02
4.519062717717267954e-07,-5.231337492442132697e-02
4.534843967717269205e-07,-5.180411113548243768e-02
4.550625217717266752e-07,-5.135318370270944288e-02
4.566406467717268003e-07,-5.101480983819810938e-02
4.582187717717269255e-07,-5.083164153768217342e-02
4.597968967717266801e-07,-5.082058569511611196e-02
4.613750217717268053e-07,-5.096931298429341339e-02
4.629531467717268775e-07,-5.122982467332840018e-02
4.645312717717266851e-07,-5.152879574450394684e-02
4.661093967717268103e-07,-5.177840855324730013e-02
4.676875217717268825e-07,-5.189005243841064013e-02
4.692656467717266900e-07,-5.179365422881301861e-02
4.708437717717268152e-07,-5.144395266776524006e-02
4.724218967717268875e-07,-5.083239134491326222e-02
4.740000217717266950e-07,-4.998767980300317798e-02
4.755781467717268202e-07,-4.897043542735707300e-02
4.771562717717268924e-07,-4.786819105332557750e-02
4.787343967717267529e-07,-4.677719750561402240e-02
4.803125217717268252e-07,-4.579194708522053847e-02
4.818906467717268974e-07,-4.498956392812868826e-02
4.834687717717267579e-07,-4.441648711426832152e-02
4.850468967717268301e-07,-4.408488239393359293e-02
4.866250217717269024e-07,-4.396635831345965112e-02
4.882031467717267628e-07,-4.400112646168743286e-02
4.897812717717268351e-07,-4.410875129498487146e-02
4.913593967717266956e-07,-4.420273700705343312e-02
4.929375217717267678e-07,-4.421116605253878201e-02
4.945156467717268400e-07,-4.408499654234004222e-02
4.960937717717267005e-07,-4.380920674940257803e-02
4.976718967717267728e-07,-4.340096446201634206e-02
4.992500217717268450e-07,-4.290073687170323918e-02
5.008281467717267055e-07,-4.235723998813958197e-02
5.024062717717267777e-07,-4.181691755699561835e-02
5.039843967717268500e-07,-4.130613697706596310e-02
5.055625217717267105e-07,-4.082979510439020687e-02
5.071406467717267827e-07,-4.037274889245571347e-02
5.087187717717268549e-07,-3.990811952576058669e-02
5.102968967717267154e-07,-3.941459751850773935e-02
5.118750217717267877e-07,-3.888244825753194717e-02
5.134531467717268599e-07,-3.832381645687053806e-02
5.150312717717267204e-07,-3.777068964162977327e-02
5.166093967717267926e-07,-3.726580534794306232e-02
5.181875217717268649e-07,-3.685471356668403031e-02
5.197656467717267253e-07,-3.656777910031069889e-02
5.213437717717267976e-07,-3.641516516057362318e-02
5.229218967717268698e-07,-3.638374670216044243e-02
5.245000217717267303e-07,-3.644079627292569346e-02
5.260781467717268026e-07,-3.654774245709836028e-02
5.276562717717268748e-07,-3.666477535337076682e-02
5.292343967717267353e-07,-3.676152128524713680e-02
5.308125217717268075e-07,-3.681783611300133707e-02
5.323906467717268798e-07,-3.681944260025187682e-02
5.339687717717267402e-07,-3.675570701868036833e-02
5.355468967717268125e-07,-3.660950751105433026e-02
5.371250217717268847e-07,-3.635992060777956669e-02
5.387031467717267452e-07,-3.598638562922049089e-02
5.402812717717268174e-07,-3.547756351689951293e-02
5.418593967717268897e-07,-3.484613390696111868e-02
5.434375217717267502e-07,-3.413080672152780243e-02
5.450156467717268224e-07,-3.339830423948952215e-02
5.465937717717268946e-07,-3.273090649219644738e-02
5.481718967717267551e-07,-3.220588410079981700e-02
5.497500217717268274e-07,-3.187723197590713181e-02
5.513281467717266879e-07,-3.175313158796064239e-02
5.529062717717267601e-07,-3.179254814171528221e-02
5.544843967717268323e-07,-3.191202333833464966e-02
5.560625217717266928e-07,-3.200593674745037115e-02
5.576406467717267651e-07,-3.197886766163009209e-02
5.592187717717268373e-07,-3.176926814227579166e-02
5.607968967717266978e-07,-3.137080648662830124e-02
5.623750217717267700e-07,-3.083374526115657127e-02
5.639531467717268423e-07,-3.024898013138958147e-02
5.655312717717267027e-07,-2.972351844989052846e-02
5.671093967717267750e-07,-2.934399801047344117e-02
5.686875217717268472e-07,-2.915307941427278116e-02
5.702656467717267077e-07,-2.913595477625259902e-02
5.718437717717267799e-07,-2.922454770970170021e-02
5.734218967717268522e-07,-2.932178924465086989e-02
5.750000217717267127e-07,-2.932706549329094914e-02
5.765781467717267849e-07,-2.916809794427249053e-02
5.781562717717268572e-07,-2.881897880165832163e-02
5.797343967717267176e-07,-2.830266768357380877e-02
5.813125217717267899e-07,-2.768181619266164850e-02
5.828906467717268621e-07,-2.703196620503616962e-02
5.844687717717267226e-07,-2.641918471395029999e-02
5.860468967717267948e-07,-2.588008587239870942e-02
5.876250217717268671e-07,-2.541384967281737003e-02
5.892031467717267276e-07,-2.499176869441145990e-02
5.907812717717267998e-07,-2.457016082476174909e-02
5.923593967717268720e-07,-2.411360201098355915e-02
5.939375217717267325e-07,-2.361055699780495107e-02
5.955156467717268048e-07,-2.307925086598403008e-02
5.970937717717268770e-07,-2.256559280544890092e-02
5.986718967717267375e-07,-2.212558858002363835e-02
6.002500217717268097e-07,-2.180947710261265868e-02
6.018281467717268820e-07,-2.164522456786107871e-02
6.034062717717267425e-07,-2.162934085562535913e-02
6.049843967717268147e-07,-2.173116309230163981e-02
6.065625217717268869e-07,-2.189891155308739887e-02
6.081406467717267474e-07,-2.207578628275446916e-02
6.097187717717268197e-07,-2.221198413688962869e-02
6.112968967717268919e-07,-2.227163390225089107e-02
6.128750217717267524e-07,-2.223659105257628013e-02
6.144531467717268246e-07,-2.209920092061068084e-02
6.160312717717266851e-07,-2.185871638714106946e-02
6.176093967717267573e-07,-2.151629238135908950e-02
6.191875217717268296e-07,-2.107437173662779842e-02
6.207656467717266901e-07,-2.053952858192746936e-02
6.223437717717267623e-07,-1.993107239456032992e-02
6.239218967717268346e-07,-1.928119492175478164e-02
6.255000217717266950e-07,-1.863671905930450873e-02
6.270781467717267673e-07,-1.805158231533746105e-02
6.286562717717268395e-07,-1.757448239683774907e-02
6.302343967717267000e-07,-1.723951725931497855e-02
6.318125217717267722e-07,-1.705261359253550102e-02
6.333906467717268445e-07,-1.699184964042516066e-02
6.349687717717267050e-07,-1.701310113745452962e-02
6.365468967717267772e-07,-1.706280179086321069e-02
6.381250217717268494e-07,-1.709745432900222975e-02
6.397031467717267099e-07,-1.709308563720882135e-02
6.412812717717267822e-07,-1.705358846053375149e-02
6.428593967717268544e-07,-1.700565683440809911e-02
6.444375217717267149e-07,-1.698495411857241927e-02
6.460156467717267871e-07,-1.702159140125196132e-02
6.475937717717268594e-07,-1.712096928931202897e-02
6.491718967717267199e-07,-1.725837563320326007e-02
6.507500217717267921e-07,-1.738147666216317139e-02
6.523281467717268643e-07,-1.742352496931686909e-02
6.539062717717267248e-07,-1.732623314036383158e-02
6.554843967717267971e-07,-1.705710845444033050e-02
6.570625217717268693e-07,-1.662517991150792851e-02
6.586406467717267298e-07,-1.608222375035062851e-02
6.602187717717268020e-07,-1.551075977646143057e-02
6.617968967717268743e-07,-1.500501537128083943e-02
6.633750217717267347e-07,-1.464175196628436995e-02
6.649531467717268070e-07,-1.445977511841095922e-02
6.665312717717268792e-07,-1.444667418041569937e-02
6.681093967717267397e-07,-1.453968660388854986e-02
6.696875217717268120e-07,-1.464431502167756055e-02
6.712656467717268842e-07,-1.465689071127852967e-02
6.728437717717267447e-07,-1.449621573479563039e-02
6.744218967717268169e-07,-1.412727165076803001e-02
6.760000217717266774e-07,-1.357303773620698040e-02
6.775781467717267496e-07,-1.291394906731051923e-02
6.791562717717268219e-07,-1.226590881219716961e-02
6.807343967717266824e-07,-1.175302900413597966e-02
6.823125217717267546e-07,-1.147363122642624036e-02
6.838906467717268268e-07,-1.147158692732404978e-02
6.854687717717266873e-07,-1.172383641080462086e-02
6.870468967717267596e-07,-1.214042948742736008e-02
6.886250217717268318e-07,-1.258720502950409943e-02
6.902031467717266923e-07,-1.291895240455031083e-02
6.917812717717267645e-07,-1.301677136447856008e-02
6.933593967717268368e-07,-1.282221492493692064e-02
6.949375217717266973e-07,-1.235102017433042064e-02
6.965156467717267695e-07,-1.169124868293601981e-02
6.980937717717268417e-07,-1.097848128490164915e-02
6.996718967717267022e-07,-1.035686461405965937e-02
7.012500217717267745e-07,-9.939695396071175984e-03
7.028281467717268467e-07,-9.773872096815438767e-03
7.044062717717267072e-07,-9.827995489971597110e-03
7.059843967717267794e-07,-1.000147158130352924e-02
7.075625217717268517e-07,-1.015496333918024935e-02
7.091406467717267121e-07,-1.015619276491809032e-02
7.107187717717267844e-07,-9.920202295945283397e-03
7.122968967717268566e-07,-9.440558517316753606e-03
7.138750217717267171e-07,-8.794615363723072912e-03
7.154531467717267893e-07,-8.122735902823570095e-03
7.170312717717268616e-07,-7.589593445330683301e-03
7.186093967717267221e-07,-7.332629068755901376e-03
7.201875217717267943e-07,-7.420927059157435800e-03
7.217656467717268666e-07,-7.831205916682902266e-03
7.233437717717267270e-07,-8.450544549237555547e-03
7.249218967717267993e-07,-9.107817437073490938e-03
7.265000217717268715e-07,-9.617927265334504441e-03
7.280781467717267320e-07,-9.834395009786790418e-03
7.296562717717268042e-07,-9.688469014722856515e-03
7.312343967717268765e-07,-9.206217939059119573e-03
7.328125217717267370e-07,-8.498424004603218063e-03
7.343906467717268092e-07,-7.729693480634100382e-03
7.359687717717266697e-07,-7.070202612421066374e-03
7.375468967717267419e-07,-6.652048578545696408e-03
7.391250217717268142e-07,-6.536361091369449414e-03
7.407031467717266747e-07,-6.701768390211987163e-03
7.422812717717267469e-07,-7.058235173489485308e-03
7.438593967717268191e-07,-7.473979782103751072e-03
7.454375217717266796e-07,-7.814717951644066171e-03
7.470156467717267519e-07,-7.977692377062499049e-03
7.485937717717268241e-07,-7.913274512829335944e-03
7.501718967717266846e-07,-7.631694827449741168e-03
7.517500217717267568e-07,-7.188448914819804171e-03
7.533281467717268291e-07,-6.662598925852850594e-03
7.549062717717266895e-07,-6.129311553759263405e-03
7.564843967717267618e-07,-5.637466807790153175e-03
7.580625217717268340e-07,-5.200842569795259378e-03
7.596406467717266945e-07,-4.798668256675583423e-03
7.612187717717267667e-07,-4.391772371332990782e-03
7.627968967717268390e-07,-3.942941636641461058e-03
7.643750217717266995e-07,-3.436604369808931095e-03
7.659531467717267717e-07,-2.893346501542797943e-03
7.675312717717268440e-07,-2.368896143387114791e-03
7.691093967717267044e-07,-1.944078676802805982e-03
7.706875217717267767e-07,-1.703245650254250985e-03
7.722656467717268489e-07,-1.708911625844345989e-03
7.738437717717267094e-07,-1.982318325029288047e-03
7.754218967717267816e-07,-2.489604765262672971e-03
7.770000217717268539e-07,-3.145740145121810136e-03
7.785781467717267144e-07,-3.830344594289671143e-03
7.801562717717267866e-07,-4.413502297952337852e-03
7.817343967717268588e-07,-4.786662857692339582e-03
7.833125217717267193e-07,-4.884748172068654852e-03
7.848906467717267916e-07,-4.700197281214688397e-03
7.864687717717268638e-07,-4.279900494683257575e-03
7.880468967717267243e-07,-3.707721293022709155e-03
7.896250217717267965e-07,-3.080106544589188838e-03
7.912031467717268688e-07,-2.476530531312822955e-03
7.927812717717267293e-07,-1.940822903547655999e-03
7.943593967717268015e-07,-1.473379672791427092e-03
7.959375217717268737e-07,-1.038340180205204067e-03
7.975156467717267342e-07,-5.851413789652493321e-04
7.990937717717268065e-07,-7.149840307313656644e-05
8.006718967717266669e-07,5.128692133468254477e-04
8.022500217717267392e-07,1.135304273773012030e-03
8.038281467717268114e-07,1.724093365194607087e-03
8.054062717717266719e-07,2.184366807557072947e-03
8.069843967717267441e-07,2.426430010757923885e-03
8.085625217717268164e-07,2.392001669911214112e-03
8.101406467717266769e-07,2.074593556777454880e-03
8.117187717717267491e-07,1.526379390990723105e-03
8.132968967717268214e-07,8.474771470149823453e-04
8.148750217717266818e-07,1.659828785304768119e-04
8.164531467717267541e-07,-3.919020915292672005e-04
8.180312717717268263e-07,-7.287482627467081623e-04
8.196093967717266868e-07,-7.942826726746182600e-04
8.211875217717267590e-07,-5.930425833387427664e-04
8.227656467717268313e-07,-1.754728095227601082e-04
8.243437717717266918e-07,3.771186385379417770e-04
8.259218967717267640e-07,9.738987802200455316e-04
8.275000217717268362e-07,1.534303257603155920e-03
8.290781467717266967e-07,1.999969961403856144e-03
8.306562717717267690e-07,2.341273064801197012e-03
8.322343967717268412e-07,2.553747323032868125e-03
8.338125217717267017e-07,2.651103949293204948e-03
8.353906467717267739e-07,2.657037187780205995e-03
8.369687717717268462e-07,2.597115183196612061e-03
8.385468967717267067e-07,2.497064827837282026e-03
8.401250217717267789e-07,2.381691286346411009e-03
8.417031467717268511e-07,2.277163666517467971e-03
8.432812717717267116e-07,2.212770936111193958e-03
8.448593967717267839e-07,2.220746548479575998e-03
8.464375217717268561e-07,2.330900982286208001e-03
8.480156467717267166e-07,2.566153269689341009e-03
8.495937717717267888e-07,2.933496514717960808e-03
8.511718967717268611e-07,3.417939662242362991e-03
8.527500217717267215e-07,3.980022119531047980e-03
8.543281467717267938e-07,4.556748088756175374e-03
8.559062717717268660e-07,5.071431066008589596e-03
8.574843967717267265e-07,5.445346407970677420e-03
8.590625217717267987e-07,5.613279812337863307e-03
8.606406467717266592e-07,5.538437350636502693e-03
8.622187717717267315e-07,5.220948189468508152e-03
8.637968967717268037e-07,4.704130778017283354e-03
8.653750217717266642e-07,4.068753579154245001e-03
8.669531467717267364e-07,3.421153557257917890e-03
8.685312717717268087e-07,2.875140746792066975e-03
8.701093967717266692e-07,2.529343190322151137e-03
8.716875217717267414e-07,2.449410387938126023e-03
8.732656467717268136e-07,2.652616493165740018e-03
8.748437717717266741e-07,3.103320073254538843e-03
8.764218967717267464e-07,3.719175555766467047e-03
8.780000217717268186e-07,4.385702714510063965e-03
8.795781467717266791e-07,4.981002690696435808e-03
8.811562717717267513e-07,5.400245341770333087e-03
8.827343967717268236e-07,5.578612330355420257e-03
8.843125217717266841e-07,5.506143863878902242e-03
8.858906467717267563e-07,5.228923956773296779e-03
8.874687717717268285e-07,4.841195502600178016e-03
8.890468967717266890e-07,4.463455186757327338e-03
8.906250217717267613e-07,4.215650926818010832e-03
8.922031467717268335e-07,4.189818732208592904e-03
8.937812717717266940e-07,4.427083885718274825e-03
8.953593967717267662e-07,4.908077450234586865e-03
8.969375217717268385e-07,5.554661461242072981e-03
8.985156467717266989e-07,6.246385719941365336e-03
9.000937717717267712e-07,6.847111764267823850e-03
9.016718967717268434e-07,7.234562198682954574e-03
9.032500217717267039e-07,7.329787936985725054e-03
9.048281467717267761e-07,7.115545273438025724e-03
9.064062717717268484e-07,6.642484368310462572e-03
9.079843967717267089e-07,6.020393939351140894e-03
9.095625217717267811e-07,5.394988355049045586e-03
9.111406467717268534e-07,4.918993802913211588e-03
9.127187717717267138e-07,4.719182651684772703e-03
9.142968967717267861e-07,4.869942386820210779e-03
9.158750217717268583e-07,5.378054961482340961e-03
9.174531467717267188e-07,6.180034094646375854e-03
9.190312717717267910e-07,7.156798984552356982e-03
9.206093967717268633e-07,8.156393807623119052e-03
9.221875217717267238e-07,9.024437003764658460e-03
9.237656467717267960e-07,9.634183161990467203e-03
9.253437717717266565e-07,9.908647832716027670e-03
9.269218967717267287e-07,9.834833901542192752e-03
9.285000217717268010e-07,9.463205995354283945e-03
9.300781467717266614e-07,8.896591714050453015e-03
9.316562717717267337e-07,8.269897792283150556e-03
9.332343967717268059e-07,7.723672405550527191e-03
9.348125217717266664e-07,7.379308237799024617e-03
9.363906467717267387e-07,7.316478418738853878e-03
9.379687717717268109e-07,7.559039932419213056e-03
9.395468967717266714e-07,8.070959802780962311e-03
9.411250217717267436e-07,8.762197615212664881e-03
9.427031467717268159e-07,9.505940605131414645e-03
9.442812717717266763e-07,1.016170515331719926e-02
9.458593967717267486e-07,1.060272869426118030e-02
9.474375217717268208e-07,1.074178777851498082e-02
9.490156467717266813e-07,1.054905237488345041e-02
9.505937717717267535e-07,1.006030919548665976e-02
9.521718967717268258e-07,9.370484960635657931e-03
9.537500217717265804e-07,8.614750706591556978e-03
9.553281467717268644e-07,7.940396315677819561e-03
9.569062717717267249e-07,7.474362075214051153e-03
9.584843967717265854e-07,7.297559919146522252e-03
9.600625217717268694e-07,7.427877535274808249e-03
9.616406467717267298e-07,7.819481995202619620e-03
9.632187717717265903e-07,8.377203730648121599e-03
9.647968967717268743e-07,8.982270199038454653e-03
9.663750217717267348e-07,9.520980952602210723e-03
9.679531467717265953e-07,9.911126799239925247e-03
9.695312717717268793e-07,1.011616397816048930e-02
9.711093967717267398e-07,1.014649291453689935e-02
9.726875217717266002e-07,1.004832336600683038e-02
9.742656467717268842e-07,9.883970603898614010e-03
9.758437717717267447e-07,9.714167724712691881e-03
9.774218967717266052e-07,9.584227755889287645e-03
9.790000217717268892e-07,9.520586108154413529e-03
9.805781467717267497e-07,9.535946916381992863e-03
9.821562717717266102e-07,9.637537078508067942e-03
9.837343967717268942e-07,9.835824031590376104e-03
9.853125217717267547e-07,1.014447096500173916e-02
9.868906467717266151e-07,1.057291807399018957e-02
9.884687717717268991e-07,1.111309036392205997e-02
9.900468967717267596e-07,1.172545451221568974e-02
9.916250217717266201e-07,1.233451302312509046e-02
9.932031467717269041e-07,1.283608547068930059e-02
9.947812717717267646e-07,1.311967729060845023e-02
9.963593967717266251e-07,1.310022714115064921e-02
9.979375217717269091e-07,1.274842896946763032e-02
9.995156467717267695e-07,1.211153259432583978e-02
1.001093771771727054e-06,1.131204394192182085e-02
1.002671896771726914e-06,1.052362071813519977e-02
1.004250021771726986e-06,9.928278370462872635e-03
1.005828146771727059e-06,9.665415010621292158e-03
1.007406271771726919e-06,9.791241621406843523e-03
1.008984396771726991e-06,1.025810773743095032e-02
1.010562521771727063e-06,1.092461152869604081e-02
1.012140646771726924e-06,1.159406801831048932e-02
1.013718771771726996e-06,1.206976510747296075e-02
